3000 0.9 
------------------
9	0	20
19	0	18
29	0	18.4
39	0.1	22
49	0.1	6.8
59	0	12
69	0	10
79	0	16.2
89	0	16
99	0	16.2
109	0.1	24.4
119	0	12.8
129	0	2.2
139	0.1	18.8
149	0.1	47.4
159	0.1	26.2
169	0	-7.8
179	0	16.2
189	0	-4
199	0.1	12.2
209	0.1	34.2
219	0.1	42.6
229	0	36
239	0	26
249	0	6.2
259	0	8.2
269	0	14.2
279	0.2	53
289	0.1	34.4
299	0	14
309	0	24
319	0.2	28.4
329	0	10.4
339	0	40
349	0.1	63.8
359	0	-9.2
369	0.1	12.8
379	0.1	29.4
389	0	36
399	0.1	44.8
409	0.1	47.8
419	0.1	23.4
429	0.1	46.8
439	0.3	60
449	0.1	28
459	0	54
469	0	32.2
479	0.1	43.4
489	0.1	44.4
499	0	30.8
509	0.2	63.6
519	0	10.2
529	0.1	20
539	0.1	18
549	0	6
559	0	-8
569	0.2	28.6
579	0	-6
589	0.2	54.6
599	0.2	62.8
609	0.1	38
619	0	-12
629	0.1	24.2
639	0	14.4
649	0.2	74.6
659	0.2	33.4
669	0	24.2
679	0.1	50.2
689	0.1	32.8
699	0	32
709	0	-2
719	0.3	92
729	0	18.2
739	0.1	38.2
749	0	32
759	0	42.2
769	0	34
779	0	36
789	0.1	26.2
799	0	14
809	0.2	30.2
819	0	39.2
829	0.2	50.8
839	0.1	36.6
849	0.1	39.8
859	0.1	28.2
869	0.1	50
879	0.1	22.8
889	0.3	85.2
899	0	22
909	0	22
919	0.2	57
929	0.1	35.4
939	0.2	67
949	0.2	62.8
959	0.1	73.6
969	0.3	74.2
979	0.2	57.4
989	0.1	25.6
999	0	16
1009	0	4
1019	0.2	55.8
1029	0.1	42.8
1039	0.2	53.4
1049	0.2	73
1059	0.2	74.2
1069	0.1	35.8
1079	0.1	29.6
1089	0.1	32.8
1099	0.1	52
1109	0	30
1119	0.1	54
1129	0.2	57.2
1139	0.2	69
1149	0	38
1159	0.1	57
1169	0.1	66.2
1179	0.1	23.8
1189	0.1	58
1199	0.1	34
1209	0	50.2
1219	0	18.2
1229	0	46.8
1239	0.1	42.2
1249	0.1	54.6
1259	0.1	52.8
1269	0.2	85.8
1279	0.1	43.4
1289	0.1	34
1299	0.1	18.6
1309	0.2	40.4
1319	0.3	99.2
1329	0.2	78.6
1339	0.1	22.8
1349	0.2	74.2
1359	0.1	48.8
1369	0	8
1379	0.2	47.8
1389	0	20
1399	0.1	38.6
1409	0.1	43.8
1419	0.2	52.8
1429	0.2	78.2
1439	0	32
1449	0.2	40.2
1459	0.2	50
1469	0.1	44.6
1479	0.1	45.4
1489	0.2	50.4
1499	0.2	59.4
1509	0.2	51.6
1519	0.3	90.4
1529	0.1	56.4
1539	0.5	100.6
1549	0.1	64.2
1559	0.1	62.8
1569	0.2	68.6
1579	0.1	62.4
1589	0.1	53.4
1599	0.3	55.6
1609	0.1	40.8
1619	0	66
1629	0.5	119
1639	0.3	69.4
1649	0.1	57
1659	0	30.2
1669	0.2	71
1679	0	16
1689	0.3	78.6
1699	0.1	78
1709	0.3	57.6
1719	0.4	97.2
1729	0.2	56.6
1739	0.4	94
1749	0.2	102
1759	0.1	20
1769	0.2	56.4
1779	0.3	90.6
1789	0.1	42.8
1799	0.3	106.4
1809	0.1	58.2
1819	0	42
1829	0.2	47.8
1839	0.3	60.8
1849	0.3	101.2
1859	0	22
1869	0.2	22.4
1879	0.2	69.2
1889	0.2	86.6
1899	0.4	101.6
1909	0	46.2
1919	0.3	53.6
1929	0.1	28.4
1939	0.3	81.6
1949	0.2	87.2
1959	0.2	37.6
1969	0.2	58.4
1979	0.2	58.2
1989	0.3	95.2
1999	0.2	77.4
2009	0.2	40.6
2019	0.1	62.2
2029	0.2	64.8
2039	0.3	76
2049	0.3	70.6
2059	0.1	61.2
2069	0	48
2079	0.2	65.4
2089	0.2	95.4
2099	0.1	76.6
2109	0.1	36
2119	0.3	57.8
2129	0.5	90.2
2139	0.3	100.4
2149	0.3	67
2159	0.5	117.8
2169	0.2	82.8
2179	0.3	75
2189	0.3	84.4
2199	0.3	82.2
2209	0.6	133.8
2219	0.3	56.2
2229	0.3	110.8
2239	0.3	99.2
2249	0.2	63.8
2259	0.3	56.8
2269	0	24
2279	0.1	19.8
2289	0.2	44.2
2299	0.1	42
2309	0	42
2319	0.1	44.6
2329	0.2	32.2
2339	0.4	111.6
2349	0.2	68
2359	0.4	80.4
2369	0.2	66.2
2379	0	12.2
2389	0.3	89.6
2399	0.1	52.8
2409	0.5	102
2419	0.4	98.2
2429	0.2	68.6
2439	0.3	78
2449	0	-4
2459	0.1	41.8
2469	0.2	44.8
2479	0	12
2489	0.1	23.4
2499	0.2	46
2509	0	2
2519	0.1	42
2529	0.4	84.2
2539	0.3	76.6
2549	0.2	48.6
2559	0.3	90.4
2569	0.6	75.8
2579	0.7	121.8
2589	0.3	70
2599	0.2	40.4
2609	0	10
2619	0	16
2629	0.2	54.8
2639	0.3	57.2
2649	0.2	52.2
2659	0	14.2
2669	0.2	46.6
2679	0.1	52
2689	0.5	121.2
2699	0.4	110.2
2709	0.2	36.6
2719	0	24
2729	0.2	62.8
2739	0	30
2749	0	14
2759	0.2	63.4
2769	0	8
2779	0.3	53.8
2789	0.1	48
2799	0.1	50
2809	0.4	91.8
2819	0	16.2
2829	0.3	75.8
2839	0.4	108.4
2849	0.4	77.6
2859	0	6.4
2869	0.1	32
2879	0.3	84.4
2889	0.5	122.8
2899	0.5	108.6
2909	0.3	89.8
2919	0.2	55.2
2929	0.1	35.2
2939	0.4	92.2
2949	0.5	114.6
2959	0.4	104.2
2969	0.8	152.8
2979	0	-1.8
2989	0	40
2999	0.3	55
