lost	3000	0.9	-20
lost	2999	0.8997	-40
lost	2998	0.8994	-40
lost	2997	0.8991	-40
lost	2996	0.898801	-20
lost	2995	0.898501	40
lost	2994	0.898201	-20
lost	2993	0.897902	120
win	2992	0.897603	168
lost	2991	0.897304	0
lost	2990	0.897004	-40
lost	2989	0.896705	20
lost	2988	0.896407	0
lost	2987	0.896108	60
lost	2986	0.895809	0
lost	2985	0.89551	20
lost	2984	0.895212	-60
lost	2983	0.894914	0
lost	2982	0.894615	-40
lost	2981	0.894317	20
lost	2980	0.894019	-40
lost	2979	0.893721	-40
lost	2978	0.893423	60
lost	2977	0.893125	-40
lost	2976	0.892828	-20
lost	2975	0.89253	-20
lost	2974	0.892232	0
lost	2973	0.891935	100
lost	2972	0.891638	20
lost	2971	0.89134	-40
lost	2970	0.891043	40
lost	2969	0.890746	80
lost	2968	0.890449	0
lost	2967	0.890153	0
lost	2966	0.889856	60
lost	2965	0.889559	-40
lost	2964	0.889263	40
lost	2963	0.888966	60
lost	2962	0.88867	0
lost	2961	0.888374	20
lost	2960	0.888078	-40
lost	2959	0.887782	0
lost	2958	0.887486	40
lost	2957	0.88719	-40
lost	2956	0.886894	40
lost	2955	0.886599	40
lost	2954	0.886303	-40
lost	2953	0.886008	-40
lost	2952	0.885712	0
lost	2951	0.885417	20
lost	2950	0.885122	0
lost	2949	0.884827	40
lost	2948	0.884532	-20
lost	2947	0.884237	-20
lost	2946	0.883942	-20
win	2945	0.883648	174
lost	2944	0.883353	80
lost	2943	0.883059	-20
lost	2942	0.882764	40
lost	2941	0.88247	-40
lost	2940	0.882176	-40
lost	2939	0.881882	-20
lost	2938	0.881588	-20
lost	2937	0.881294	40
lost	2936	0.881	40
lost	2935	0.880707	0
lost	2934	0.880413	0
lost	2933	0.88012	80
win	2932	0.879826	162
lost	2931	0.879533	120
lost	2930	0.87924	-40
lost	2929	0.878947	80
lost	2928	0.878654	-40
lost	2927	0.878361	20
lost	2926	0.878068	-20
lost	2925	0.877775	0
lost	2924	0.877483	20
lost	2923	0.87719	0
lost	2922	0.876898	-40
lost	2921	0.876605	40
lost	2920	0.876313	-20
lost	2919	0.876021	80
lost	2918	0.875729	-20
lost	2917	0.875437	0
lost	2916	0.875145	40
lost	2915	0.874854	-40
lost	2914	0.874562	-20
win	2913	0.874271	162
lost	2912	0.873979	20
lost	2911	0.873688	-40
lost	2910	0.873397	100
lost	2909	0.873105	20
lost	2908	0.872814	40
lost	2907	0.872524	40
lost	2906	0.872233	-40
lost	2905	0.871942	20
lost	2904	0.871651	20
lost	2903	0.871361	20
lost	2902	0.87107	0
lost	2901	0.87078	60
lost	2900	0.87049	100
lost	2899	0.870199	-20
lost	2898	0.869909	-20
lost	2897	0.869619	20
lost	2896	0.86933	0
lost	2895	0.86904	40
lost	2894	0.86875	40
lost	2893	0.868461	0
lost	2892	0.868171	80
lost	2891	0.867882	40
lost	2890	0.867592	0
lost	2889	0.867303	-40
lost	2888	0.867014	40
lost	2887	0.866725	20
win	2886	0.866436	180
lost	2885	0.866147	-20
lost	2884	0.865859	80
lost	2883	0.86557	20
lost	2882	0.865281	100
lost	2881	0.864993	20
lost	2880	0.864705	20
lost	2879	0.864416	0
lost	2878	0.864128	-40
lost	2877	0.86384	-20
lost	2876	0.863552	0
lost	2875	0.863265	60
lost	2874	0.862977	40
lost	2873	0.862689	0
lost	2872	0.862402	20
lost	2871	0.862114	20
lost	2870	0.861827	-20
lost	2869	0.861539	40
lost	2868	0.861252	0
lost	2867	0.860965	0
lost	2866	0.860678	100
lost	2865	0.860391	60
lost	2864	0.860104	80
lost	2863	0.859818	40
lost	2862	0.859531	0
lost	2861	0.859245	0
lost	2860	0.858958	-40
lost	2859	0.858672	0
win	2858	0.858386	186
lost	2857	0.8581	80
lost	2856	0.857814	-40
lost	2855	0.857528	0
win	2854	0.857242	162
lost	2853	0.856956	40
lost	2852	0.85667	-20
lost	2851	0.856385	100
lost	2850	0.856099	-40
lost	2849	0.855814	0
lost	2848	0.855529	-40
lost	2847	0.855244	60
lost	2846	0.854958	-40
lost	2845	0.854673	0
lost	2844	0.854389	-40
lost	2843	0.854104	0
lost	2842	0.853819	-40
win	2841	0.853534	0
lost	2840	0.85325	-20
lost	2839	0.852966	0
lost	2838	0.852681	0
lost	2837	0.852397	0
lost	2836	0.852113	-20
lost	2835	0.851829	-20
lost	2834	0.851545	20
lost	2833	0.851261	0
win	2832	0.850977	174
win	2831	0.850694	174
lost	2830	0.85041	80
win	2829	0.850127	162
lost	2828	0.849843	0
lost	2827	0.84956	0
lost	2826	0.849277	-40
lost	2825	0.848994	-20
lost	2824	0.848711	-20
lost	2823	0.848428	0
lost	2822	0.848145	-20
lost	2821	0.847862	20
lost	2820	0.84758	40
lost	2819	0.847297	40
lost	2818	0.847015	20
lost	2817	0.846732	0
lost	2816	0.84645	-40
lost	2815	0.846168	20
lost	2814	0.845886	-40
lost	2813	0.845604	40
lost	2812	0.845322	0
lost	2811	0.84504	-20
lost	2810	0.844759	80
lost	2809	0.844477	60
lost	2808	0.844195	0
lost	2807	0.843914	-20
lost	2806	0.843633	140
lost	2805	0.843352	40
lost	2804	0.84307	0
lost	2803	0.842789	140
lost	2802	0.842509	0
lost	2801	0.842228	-20
lost	2800	0.841947	40
lost	2799	0.841666	-20
lost	2798	0.841386	0
lost	2797	0.841105	20
lost	2796	0.840825	0
lost	2795	0.840545	-40
lost	2794	0.840264	-20
lost	2793	0.839984	-20
lost	2792	0.839704	-20
lost	2791	0.839424	-40
lost	2790	0.839145	-20
lost	2789	0.838865	-20
lost	2788	0.838585	-20
lost	2787	0.838306	-40
lost	2786	0.838026	20
lost	2785	0.837747	-20
lost	2784	0.837468	0
lost	2783	0.837189	60
lost	2782	0.83691	100
lost	2781	0.836631	0
lost	2780	0.836352	-20
lost	2779	0.836073	0
lost	2778	0.835794	0
lost	2777	0.835516	80
win	2776	0.835237	186
lost	2775	0.834959	0
lost	2774	0.83468	0
lost	2773	0.834402	100
lost	2772	0.834124	20
lost	2771	0.833846	100
lost	2770	0.833568	80
win	2769	0.83329	180
lost	2768	0.833012	120
lost	2767	0.832735	-40
lost	2766	0.832457	2
win	2765	0.83218	174
lost	2764	0.831902	0
lost	2763	0.831625	20
lost	2762	0.831348	20
lost	2761	0.831071	-40
lost	2760	0.830794	0
lost	2759	0.830517	120
lost	2758	0.83024	60
lost	2757	0.829963	80
lost	2756	0.829686	80
lost	2755	0.82941	120
lost	2754	0.829133	60
lost	2753	0.828857	-40
lost	2752	0.828581	0
lost	2751	0.828305	140
lost	2750	0.828028	-20
lost	2749	0.827752	-40
lost	2748	0.827477	40
lost	2747	0.827201	120
lost	2746	0.826925	100
lost	2745	0.826649	-40
lost	2744	0.826374	-20
lost	2743	0.826098	0
lost	2742	0.825823	100
lost	2741	0.825548	80
lost	2740	0.825273	120
win	2739	0.824997	198
lost	2738	0.824722	120
lost	2737	0.824448	20
lost	2736	0.824173	80
lost	2735	0.823898	60
lost	2734	0.823623	-40
lost	2733	0.823349	20
lost	2732	0.823074	-20
lost	2731	0.8228	20
lost	2730	0.822526	40
lost	2729	0.822252	140
lost	2728	0.821977	-40
lost	2727	0.821703	20
lost	2726	0.82143	-20
lost	2725	0.821156	20
lost	2724	0.820882	0
lost	2723	0.820608	40
lost	2722	0.820335	-18
lost	2721	0.820061	0
lost	2720	0.819788	40
lost	2719	0.819515	-40
lost	2718	0.819242	0
lost	2717	0.818969	40
lost	2716	0.818696	20
lost	2715	0.818423	60
lost	2714	0.81815	-20
lost	2713	0.817877	-40
lost	2712	0.817605	20
lost	2711	0.817332	0
win	2710	0.81706	204
lost	2709	0.816787	20
lost	2708	0.816515	-40
lost	2707	0.816243	80
lost	2706	0.815971	60
lost	2705	0.815699	60
lost	2704	0.815427	20
lost	2703	0.815155	-40
lost	2702	0.814883	40
lost	2701	0.814612	60
lost	2700	0.81434	-40
lost	2699	0.814069	80
lost	2698	0.813797	22
lost	2697	0.813526	100
lost	2696	0.813255	2
lost	2695	0.812984	80
lost	2694	0.812713	40
lost	2693	0.812442	82
lost	2692	0.812171	-40
lost	2691	0.8119	0
lost	2690	0.81163	0
lost	2689	0.811359	40
lost	2688	0.811089	80
lost	2687	0.810818	0
lost	2686	0.810548	60
lost	2685	0.810278	-40
lost	2684	0.810008	0
lost	2683	0.809738	0
lost	2682	0.809468	140
lost	2681	0.809198	120
lost	2680	0.808928	0
lost	2679	0.808659	20
lost	2678	0.808389	40
lost	2677	0.80812	100
lost	2676	0.80785	0
lost	2675	0.807581	40
lost	2674	0.807312	60
lost	2673	0.807043	-40
lost	2672	0.806774	40
lost	2671	0.806505	-20
lost	2670	0.806236	20
lost	2669	0.805967	60
lost	2668	0.805699	20
lost	2667	0.80543	-40
lost	2666	0.805161	-20
lost	2665	0.804893	120
lost	2664	0.804625	-40
lost	2663	0.804357	40
lost	2662	0.804088	20
win	2661	0.80382	168
lost	2660	0.803553	20
lost	2659	0.803285	0
lost	2658	0.803017	20
lost	2657	0.802749	-40
lost	2656	0.802482	20
lost	2655	0.802214	20
lost	2654	0.801947	-20
lost	2653	0.801679	-40
lost	2652	0.801412	-40
lost	2651	0.801145	80
lost	2650	0.800878	0
lost	2649	0.800611	-40
lost	2648	0.800344	-20
lost	2647	0.800077	40
lost	2646	0.799811	0
lost	2645	0.799544	40
lost	2644	0.799278	-20
lost	2643	0.799011	-40
lost	2642	0.798745	20
lost	2641	0.798479	60
lost	2640	0.798212	0
lost	2639	0.797946	20
win	2638	0.79768	162
lost	2637	0.797414	0
lost	2636	0.797149	80
lost	2635	0.796883	80
lost	2634	0.796617	60
lost	2633	0.796352	0
lost	2632	0.796086	-40
lost	2631	0.795821	40
win	2630	0.795556	162
lost	2629	0.795291	-40
lost	2628	0.795025	20
lost	2627	0.79476	-40
lost	2626	0.794495	140
lost	2625	0.794231	20
lost	2624	0.793966	0
lost	2623	0.793701	-40
lost	2622	0.793437	-40
lost	2621	0.793172	-20
lost	2620	0.792908	60
lost	2619	0.792644	20
lost	2618	0.792379	20
lost	2617	0.792115	40
lost	2616	0.791851	-40
lost	2615	0.791587	0
lost	2614	0.791323	20
lost	2613	0.79106	-40
win	2612	0.790796	160
win	2611	0.790532	148
lost	2610	0.790269	0
lost	2609	0.790005	40
lost	2608	0.789742	20
lost	2607	0.789479	-20
lost	2606	0.789216	80
lost	2605	0.788953	20
lost	2604	0.78869	40
lost	2603	0.788427	60
lost	2602	0.788164	-40
lost	2601	0.787901	40
lost	2600	0.787638	20
lost	2599	0.787376	60
lost	2598	0.787113	100
win	2597	0.786851	162
lost	2596	0.786589	20
lost	2595	0.786327	0
lost	2594	0.786065	-40
lost	2593	0.785802	-40
lost	2592	0.785541	-40
lost	2591	0.785279	-40
lost	2590	0.785017	20
lost	2589	0.784755	20
lost	2588	0.784494	0
lost	2587	0.784232	-40
lost	2586	0.783971	-20
lost	2585	0.783709	-20
lost	2584	0.783448	-40
lost	2583	0.783187	0
lost	2582	0.782926	-40
lost	2581	0.782665	80
lost	2580	0.782404	120
lost	2579	0.782143	0
lost	2578	0.781883	80
lost	2577	0.781622	80
lost	2576	0.781361	-40
lost	2575	0.781101	-40
lost	2574	0.780841	0
lost	2573	0.78058	100
lost	2572	0.78032	0
lost	2571	0.78006	40
lost	2570	0.7798	40
lost	2569	0.77954	40
lost	2568	0.77928	0
lost	2567	0.779021	-20
lost	2566	0.778761	-40
lost	2565	0.778501	20
lost	2564	0.778242	-20
lost	2563	0.777982	-20
lost	2562	0.777723	60
lost	2561	0.777464	40
lost	2560	0.777205	60
lost	2559	0.776946	20
lost	2558	0.776687	60
lost	2557	0.776428	40
lost	2556	0.776169	20
lost	2555	0.77591	-38
lost	2554	0.775651	40
lost	2553	0.775393	80
lost	2552	0.775134	40
lost	2551	0.774876	0
win	2550	0.774618	174
lost	2549	0.77436	20
lost	2548	0.774101	60
lost	2547	0.773843	100
lost	2546	0.773586	40
lost	2545	0.773328	-20
win	2544	0.77307	162
lost	2543	0.772812	60
lost	2542	0.772555	0
lost	2541	0.772297	0
lost	2540	0.77204	40
lost	2539	0.771782	40
lost	2538	0.771525	40
lost	2537	0.771268	80
lost	2536	0.771011	-40
lost	2535	0.770754	0
lost	2534	0.770497	140
lost	2533	0.77024	-20
win	2532	0.769983	174
lost	2531	0.769727	-40
lost	2530	0.76947	0
win	2529	0.769214	180
lost	2528	0.768957	-40
lost	2527	0.768701	100
lost	2526	0.768445	0
lost	2525	0.768188	0
lost	2524	0.767932	80
win	2523	0.767676	180
lost	2522	0.76742	0
win	2521	0.767165	162
lost	2520	0.766909	-18
lost	2519	0.766653	100
win	2518	0.766398	168
lost	2517	0.766142	-20
lost	2516	0.765887	40
lost	2515	0.765632	48
lost	2514	0.765376	60
lost	2513	0.765121	40
lost	2512	0.764866	0
lost	2511	0.764611	80
lost	2510	0.764356	-40
lost	2509	0.764102	-40
lost	2508	0.763847	20
lost	2507	0.763592	-20
lost	2506	0.763338	-18
lost	2505	0.763083	-40
lost	2504	0.762829	0
lost	2503	0.762575	20
lost	2502	0.762321	40
lost	2501	0.762066	-40
lost	2500	0.761812	60
lost	2499	0.761558	20
lost	2498	0.761305	20
lost	2497	0.761051	-40
lost	2496	0.760797	20
lost	2495	0.760544	82
lost	2494	0.76029	40
win	2493	0.760037	162
lost	2492	0.759783	-40
lost	2491	0.75953	0
lost	2490	0.759277	40
lost	2489	0.759024	80
lost	2488	0.758771	60
lost	2487	0.758518	0
lost	2486	0.758265	20
lost	2485	0.758012	0
lost	2484	0.75776	-20
lost	2483	0.757507	-20
lost	2482	0.757254	40
win	2481	0.757002	174
lost	2480	0.75675	-40
lost	2479	0.756497	-20
lost	2478	0.756245	20
lost	2477	0.755993	40
lost	2476	0.755741	0
lost	2475	0.755489	120
lost	2474	0.755237	-20
win	2473	0.754986	168
lost	2472	0.754734	40
lost	2471	0.754482	100
lost	2470	0.754231	40
lost	2469	0.75398	120
lost	2468	0.753728	0
lost	2467	0.753477	20
lost	2466	0.753226	100
lost	2465	0.752975	80
lost	2464	0.752724	-20
lost	2463	0.752473	0
lost	2462	0.752222	140
lost	2461	0.751971	120
lost	2460	0.751721	-40
lost	2459	0.75147	20
win	2458	0.75122	198
lost	2457	0.750969	80
lost	2456	0.750719	0
lost	2455	0.750469	20
lost	2454	0.750218	0
lost	2453	0.749968	0
lost	2452	0.749718	80
lost	2451	0.749468	-40
lost	2450	0.749219	80
lost	2449	0.748969	60
lost	2448	0.748719	40
lost	2447	0.74847	60
lost	2446	0.74822	0
lost	2445	0.747971	60
lost	2444	0.747721	40
lost	2443	0.747472	-40
lost	2442	0.747223	100
lost	2441	0.746974	80
lost	2440	0.746725	40
lost	2439	0.746476	60
lost	2438	0.746227	80
win	2437	0.745979	186
lost	2436	0.74573	0
lost	2435	0.745481	40
lost	2434	0.745233	0
lost	2433	0.744984	120
lost	2432	0.744736	20
lost	2431	0.744488	0
lost	2430	0.74424	0
lost	2429	0.743992	120
lost	2428	0.743744	40
lost	2427	0.743496	-40
lost	2426	0.743248	20
win	2425	0.743	174
lost	2424	0.742752	0
lost	2423	0.742505	-40
lost	2422	0.742257	0
lost	2421	0.74201	100
lost	2420	0.741763	20
lost	2419	0.741515	-40
lost	2418	0.741268	20
lost	2417	0.741021	40
lost	2416	0.740774	60
lost	2415	0.740527	-40
lost	2414	0.74028	100
lost	2413	0.740034	0
lost	2412	0.739787	0
lost	2411	0.73954	0
lost	2410	0.739294	0
lost	2409	0.739047	20
lost	2408	0.738801	40
lost	2407	0.738555	0
lost	2406	0.738308	20
lost	2405	0.738062	0
lost	2404	0.737816	40
lost	2403	0.73757	20
lost	2402	0.737325	-40
lost	2401	0.737079	20
lost	2400	0.736833	120
win	2399	0.736587	198
win	2398	0.736342	162
lost	2397	0.736097	0
lost	2396	0.735851	20
lost	2395	0.735606	80
lost	2394	0.735361	60
lost	2393	0.735116	-20
win	2392	0.734871	168
lost	2391	0.734626	-20
win	2390	0.734381	174
lost	2389	0.734136	0
lost	2388	0.733891	20
win	2387	0.733647	186
lost	2386	0.733402	140
lost	2385	0.733158	0
lost	2384	0.732913	-20
lost	2383	0.732669	-20
lost	2382	0.732425	82
lost	2381	0.73218	0
lost	2380	0.731936	40
lost	2379	0.731692	22
lost	2378	0.731449	0
lost	2377	0.731205	62
lost	2376	0.730961	2
lost	2375	0.730717	-40
lost	2374	0.730474	0
lost	2373	0.73023	0
lost	2372	0.729987	-20
lost	2371	0.729744	20
lost	2370	0.7295	0
lost	2369	0.729257	20
lost	2368	0.729014	60
lost	2367	0.728771	-40
lost	2366	0.728528	-40
lost	2365	0.728285	120
lost	2364	0.728042	0
lost	2363	0.7278	-40
lost	2362	0.727557	60
lost	2361	0.727315	80
win	2360	0.727072	168
lost	2359	0.72683	80
lost	2358	0.726588	0
lost	2357	0.726345	-40
lost	2356	0.726103	-40
lost	2355	0.725861	60
lost	2354	0.725619	20
lost	2353	0.725377	140
lost	2352	0.725136	40
lost	2351	0.724894	40
lost	2350	0.724652	120
lost	2349	0.724411	40
lost	2348	0.724169	40
lost	2347	0.723928	60
lost	2346	0.723687	80
lost	2345	0.723445	20
lost	2344	0.723204	2
lost	2343	0.722963	-40
lost	2342	0.722722	100
lost	2341	0.722481	80
lost	2340	0.72224	-40
lost	2339	0.722	20
lost	2338	0.721759	20
lost	2337	0.721518	0
lost	2336	0.721278	60
lost	2335	0.721037	-40
lost	2334	0.720797	80
lost	2333	0.720557	60
lost	2332	0.720317	-40
lost	2331	0.720077	2
lost	2330	0.719837	-40
lost	2329	0.719597	-40
lost	2328	0.719357	60
lost	2327	0.719117	-40
lost	2326	0.718877	0
lost	2325	0.718638	-40
lost	2324	0.718398	40
lost	2323	0.718159	-20
win	2322	0.717919	160
win	2321	0.71768	174
lost	2320	0.717441	40
win	2319	0.717202	162
win	2318	0.716962	180
lost	2317	0.716724	80
lost	2316	0.716485	20
lost	2315	0.716246	0
lost	2314	0.716007	120
lost	2313	0.715768	-40
lost	2312	0.71553	-20
win	2311	0.715291	192
lost	2310	0.715053	40
win	2309	0.714814	174
lost	2308	0.714576	-40
lost	2307	0.714338	80
lost	2306	0.7141	20
win	2305	0.713862	192
win	2304	0.713624	160
lost	2303	0.713386	0
win	2302	0.713148	168
lost	2301	0.712911	120
lost	2300	0.712673	0
lost	2299	0.712435	-20
lost	2298	0.712198	40
lost	2297	0.71196	0
lost	2296	0.711723	0
lost	2295	0.711486	140
lost	2294	0.711249	-40
lost	2293	0.711012	120
lost	2292	0.710775	-20
lost	2291	0.710538	-20
lost	2290	0.710301	20
lost	2289	0.710064	-40
lost	2288	0.709827	120
lost	2287	0.709591	-20
lost	2286	0.709354	0
lost	2285	0.709118	-40
lost	2284	0.708881	100
lost	2283	0.708645	60
lost	2282	0.708409	-40
lost	2281	0.708173	20
lost	2280	0.707937	0
lost	2279	0.707701	-20
lost	2278	0.707465	-40
lost	2277	0.707229	60
lost	2276	0.706993	20
lost	2275	0.706758	-20
lost	2274	0.706522	20
lost	2273	0.706287	-40
lost	2272	0.706051	0
lost	2271	0.705816	80
lost	2270	0.70558	0
lost	2269	0.705345	0
lost	2268	0.70511	-20
lost	2267	0.704875	80
lost	2266	0.70464	0
lost	2265	0.704405	-20
lost	2264	0.704171	20
lost	2263	0.703936	102
lost	2262	0.703701	80
lost	2261	0.703467	-40
lost	2260	0.703232	-20
lost	2259	0.702998	60
lost	2258	0.702763	0
lost	2257	0.702529	20
lost	2256	0.702295	60
lost	2255	0.702061	20
win	2254	0.701827	210
lost	2253	0.701593	-40
lost	2252	0.701359	0
lost	2251	0.701125	140
lost	2250	0.700891	60
win	2249	0.700658	168
lost	2248	0.700424	-20
lost	2247	0.700191	-40
lost	2246	0.699957	60
lost	2245	0.699724	60
lost	2244	0.699491	40
lost	2243	0.699258	80
lost	2242	0.699025	60
lost	2241	0.698792	120
lost	2240	0.698559	40
lost	2239	0.698326	40
lost	2238	0.698093	60
lost	2237	0.69786	20
lost	2236	0.697628	120
lost	2235	0.697395	20
lost	2234	0.697163	120
win	2233	0.69693	160
win	2232	0.696698	210
lost	2231	0.696466	20
lost	2230	0.696234	-20
lost	2229	0.696002	-20
win	2228	0.69577	198
lost	2227	0.695538	-20
lost	2226	0.695306	40
lost	2225	0.695074	40
lost	2224	0.694842	0
lost	2223	0.694611	-40
lost	2222	0.694379	40
lost	2221	0.694148	40
lost	2220	0.693916	20
lost	2219	0.693685	-20
lost	2218	0.693454	-20
lost	2217	0.693223	-40
lost	2216	0.692992	0
lost	2215	0.692761	20
lost	2214	0.69253	40
lost	2213	0.692299	-40
lost	2212	0.692068	80
lost	2211	0.691837	20
lost	2210	0.691607	-40
lost	2209	0.691376	20
lost	2208	0.691146	0
lost	2207	0.690915	40
lost	2206	0.690685	-40
lost	2205	0.690455	0
lost	2204	0.690225	0
lost	2203	0.689995	100
lost	2202	0.689765	100
lost	2201	0.689535	0
lost	2200	0.689305	120
lost	2199	0.689075	40
lost	2198	0.688845	-20
lost	2197	0.688616	-20
lost	2196	0.688386	80
lost	2195	0.688157	20
lost	2194	0.687927	0
lost	2193	0.687698	20
lost	2192	0.687469	140
win	2191	0.68724	174
lost	2190	0.687011	0
lost	2189	0.686782	20
win	2188	0.686553	162
win	2187	0.686324	162
lost	2186	0.686095	40
lost	2185	0.685866	-40
lost	2184	0.685638	100
lost	2183	0.685409	40
lost	2182	0.685181	20
lost	2181	0.684952	-40
lost	2180	0.684724	-20
lost	2179	0.684496	40
lost	2178	0.684268	0
lost	2177	0.68404	60
lost	2176	0.683812	120
lost	2175	0.683584	40
lost	2174	0.683356	60
lost	2173	0.683128	20
lost	2172	0.6829	-20
lost	2171	0.682673	40
lost	2170	0.682445	20
lost	2169	0.682218	40
lost	2168	0.68199	80
lost	2167	0.681763	20
win	2166	0.681536	168
win	2165	0.681308	162
lost	2164	0.681081	0
lost	2163	0.680854	40
lost	2162	0.680627	40
lost	2161	0.6804	0
win	2160	0.680174	162
win	2159	0.679947	168
lost	2158	0.67972	-20
lost	2157	0.679494	100
lost	2156	0.679267	-40
lost	2155	0.679041	20
lost	2154	0.678814	-20
lost	2153	0.678588	-20
win	2152	0.678362	160
lost	2151	0.678136	0
win	2150	0.67791	160
lost	2149	0.677684	120
lost	2148	0.677458	40
lost	2147	0.677232	20
lost	2146	0.677006	-20
lost	2145	0.676781	20
win	2144	0.676555	162
lost	2143	0.67633	20
lost	2142	0.676104	60
lost	2141	0.675879	-20
lost	2140	0.675653	0
win	2139	0.675428	162
lost	2138	0.675203	-40
lost	2137	0.674978	20
lost	2136	0.674753	0
lost	2135	0.674528	40
lost	2134	0.674303	120
lost	2133	0.674079	40
lost	2132	0.673854	80
lost	2131	0.673629	80
win	2130	0.673405	162
lost	2129	0.67318	40
lost	2128	0.672956	-40
lost	2127	0.672731	60
lost	2126	0.672507	0
lost	2125	0.672283	80
lost	2124	0.672059	-40
lost	2123	0.671835	20
lost	2122	0.671611	0
lost	2121	0.671387	60
lost	2120	0.671163	20
lost	2119	0.67094	60
lost	2118	0.670716	80
lost	2117	0.670492	0
lost	2116	0.670269	20
lost	2115	0.670045	0
lost	2114	0.669822	60
lost	2113	0.669599	-40
lost	2112	0.669376	40
lost	2111	0.669153	120
win	2110	0.668929	192
lost	2109	0.668707	0
lost	2108	0.668484	20
lost	2107	0.668261	0
lost	2106	0.668038	80
win	2105	0.667815	168
lost	2104	0.667593	-20
lost	2103	0.66737	-20
lost	2102	0.667148	140
lost	2101	0.666925	-38
win	2100	0.666703	192
lost	2099	0.666481	0
lost	2098	0.666259	-20
lost	2097	0.666037	0
lost	2096	0.665815	20
lost	2095	0.665593	20
lost	2094	0.665371	60
lost	2093	0.665149	0
lost	2092	0.664927	120
lost	2091	0.664706	120
lost	2090	0.664484	60
lost	2089	0.664263	40
lost	2088	0.664041	140
win	2087	0.66382	162
lost	2086	0.663599	0
lost	2085	0.663377	60
lost	2084	0.663156	0
lost	2083	0.662935	60
win	2082	0.662714	168
win	2081	0.662493	192
lost	2080	0.662272	-40
lost	2079	0.662052	-40
lost	2078	0.661831	60
lost	2077	0.66161	-40
lost	2076	0.66139	-20
lost	2075	0.661169	100
lost	2074	0.660949	-20
lost	2073	0.660729	120
lost	2072	0.660508	0
lost	2071	0.660288	60
lost	2070	0.660068	40
lost	2069	0.659848	0
lost	2068	0.659628	140
lost	2067	0.659408	2
lost	2066	0.659188	-40
win	2065	0.658969	174
lost	2064	0.658749	0
lost	2063	0.65853	120
lost	2062	0.65831	-40
lost	2061	0.658091	20
lost	2060	0.657871	100
lost	2059	0.657652	0
lost	2058	0.657433	0
win	2057	0.657214	216
lost	2056	0.656994	60
lost	2055	0.656775	100
lost	2054	0.656557	20
lost	2053	0.656338	20
lost	2052	0.656119	-40
lost	2051	0.6559	140
lost	2050	0.655682	20
lost	2049	0.655463	120
lost	2048	0.655245	20
win	2047	0.655026	180
lost	2046	0.654808	140
lost	2045	0.65459	80
lost	2044	0.654371	100
lost	2043	0.654153	40
lost	2042	0.653935	120
lost	2041	0.653717	-40
lost	2040	0.653499	40
lost	2039	0.653281	20
lost	2038	0.653064	100
lost	2037	0.652846	0
lost	2036	0.652628	40
lost	2035	0.652411	60
lost	2034	0.652193	-40
lost	2033	0.651976	0
lost	2032	0.651759	40
lost	2031	0.651541	100
win	2030	0.651324	168
lost	2029	0.651107	0
lost	2028	0.65089	22
lost	2027	0.650673	0
lost	2026	0.650456	60
lost	2025	0.650239	-40
lost	2024	0.650023	60
lost	2023	0.649806	-40
lost	2022	0.649589	60
lost	2021	0.649373	0
lost	2020	0.649156	20
lost	2019	0.64894	0
win	2018	0.648724	174
lost	2017	0.648507	-40
win	2016	0.648291	192
lost	2015	0.648075	-20
lost	2014	0.647859	40
win	2013	0.647643	162
lost	2012	0.647427	-20
lost	2011	0.647212	100
lost	2010	0.646996	0
lost	2009	0.64678	60
lost	2008	0.646565	-40
lost	2007	0.646349	60
lost	2006	0.646134	-40
win	2005	0.645918	162
lost	2004	0.645703	80
lost	2003	0.645488	-40
lost	2002	0.645272	140
lost	2001	0.645057	20
lost	2000	0.644842	80
lost	1999	0.644627	40
lost	1998	0.644413	120
lost	1997	0.644198	42
lost	1996	0.643983	100
lost	1995	0.643768	-20
win	1994	0.643554	186
lost	1993	0.643339	40
lost	1992	0.643125	80
win	1991	0.64291	180
lost	1990	0.642696	40
lost	1989	0.642482	40
lost	1988	0.642268	60
lost	1987	0.642054	80
lost	1986	0.64184	-40
lost	1985	0.641626	40
lost	1984	0.641412	-20
lost	1983	0.641198	-20
lost	1982	0.640984	60
lost	1981	0.640771	-20
win	1980	0.640557	168
lost	1979	0.640343	20
lost	1978	0.64013	-40
lost	1977	0.639917	60
win	1976	0.639703	186
lost	1975	0.63949	40
win	1974	0.639277	180
lost	1973	0.639064	42
win	1972	0.638851	162
lost	1971	0.638638	0
lost	1970	0.638425	40
lost	1969	0.638212	-20
lost	1968	0.637999	0
lost	1967	0.637787	-40
lost	1966	0.637574	20
lost	1965	0.637362	20
lost	1964	0.637149	80
win	1963	0.636937	186
lost	1962	0.636725	60
lost	1961	0.636512	60
win	1960	0.6363	168
lost	1959	0.636088	-40
lost	1958	0.635876	80
lost	1957	0.635664	40
lost	1956	0.635452	120
win	1955	0.63524	210
lost	1954	0.635029	60
lost	1953	0.634817	40
lost	1952	0.634605	-20
lost	1951	0.634394	-40
lost	1950	0.634182	80
lost	1949	0.633971	20
lost	1948	0.63376	20
lost	1947	0.633548	-20
lost	1946	0.633337	20
lost	1945	0.633126	100
lost	1944	0.632915	0
lost	1943	0.632704	0
lost	1942	0.632493	8
lost	1941	0.632282	80
lost	1940	0.632072	20
win	1939	0.631861	174
lost	1938	0.63165	140
win	1937	0.63144	160
lost	1936	0.631229	120
win	1935	0.631019	162
win	1934	0.630808	168
lost	1933	0.630598	20
lost	1932	0.630388	80
lost	1931	0.630178	40
lost	1930	0.629968	0
win	1929	0.629758	192
lost	1928	0.629548	-20
lost	1927	0.629338	20
lost	1926	0.629128	-20
lost	1925	0.628919	-40
lost	1924	0.628709	60
lost	1923	0.628499	60
lost	1922	0.62829	60
lost	1921	0.62808	-20
lost	1920	0.627871	20
win	1919	0.627662	168
lost	1918	0.627453	-40
lost	1917	0.627243	80
lost	1916	0.627034	22
lost	1915	0.626825	20
win	1914	0.626616	162
lost	1913	0.626407	-40
lost	1912	0.626199	120
lost	1911	0.62599	60
win	1910	0.625781	180
lost	1909	0.625573	0
lost	1908	0.625364	0
win	1907	0.625156	168
lost	1906	0.624947	-20
lost	1905	0.624739	0
lost	1904	0.624531	40
lost	1903	0.624323	-20
lost	1902	0.624114	60
lost	1901	0.623906	-40
lost	1900	0.623698	120
lost	1899	0.623491	-40
lost	1898	0.623283	-20
lost	1897	0.623075	80
lost	1896	0.622867	140
lost	1895	0.62266	100
lost	1894	0.622452	80
lost	1893	0.622245	-20
lost	1892	0.622037	40
lost	1891	0.62183	20
lost	1890	0.621623	60
lost	1889	0.621415	40
lost	1888	0.621208	-20
lost	1887	0.621001	40
lost	1886	0.620794	20
lost	1885	0.620587	120
lost	1884	0.62038	40
win	1883	0.620174	168
win	1882	0.619967	180
lost	1881	0.61976	0
lost	1880	0.619554	40
lost	1879	0.619347	122
lost	1878	0.619141	120
lost	1877	0.618934	20
lost	1876	0.618728	-40
lost	1875	0.618522	20
lost	1874	0.618316	20
lost	1873	0.618109	0
win	1872	0.617903	180
lost	1871	0.617697	0
lost	1870	0.617492	20
lost	1869	0.617286	60
lost	1868	0.61708	60
lost	1867	0.616874	-20
lost	1866	0.616669	140
lost	1865	0.616463	40
lost	1864	0.616258	60
lost	1863	0.616052	0
lost	1862	0.615847	-20
win	1861	0.615641	180
lost	1860	0.615436	-20
lost	1859	0.615231	100
lost	1858	0.615026	-20
lost	1857	0.614821	0
lost	1856	0.614616	40
win	1855	0.614411	168
win	1854	0.614206	204
lost	1853	0.614002	-20
lost	1852	0.613797	-40
lost	1851	0.613592	20
lost	1850	0.613388	-40
win	1849	0.613183	180
lost	1848	0.612979	40
lost	1847	0.612775	0
lost	1846	0.61257	80
win	1845	0.612366	186
lost	1844	0.612162	100
win	1843	0.611958	180
lost	1842	0.611754	80
lost	1841	0.61155	0
lost	1840	0.611346	-20
lost	1839	0.611143	-40
lost	1838	0.610939	120
lost	1837	0.610735	20
lost	1836	0.610532	20
lost	1835	0.610328	20
lost	1834	0.610125	40
win	1833	0.609921	162
lost	1832	0.609718	120
lost	1831	0.609515	20
lost	1830	0.609312	20
lost	1829	0.609108	80
lost	1828	0.608905	40
lost	1827	0.608702	80
win	1826	0.6085	192
lost	1825	0.608297	20
lost	1824	0.608094	100
win	1823	0.607891	174
lost	1822	0.607689	40
win	1821	0.607486	168
lost	1820	0.607284	20
lost	1819	0.607081	0
lost	1818	0.606879	-40
lost	1817	0.606676	40
win	1816	0.606474	174
win	1815	0.606272	186
lost	1814	0.60607	-40
lost	1813	0.605868	0
lost	1812	0.605666	-20
lost	1811	0.605464	-20
lost	1810	0.605262	80
lost	1809	0.605061	80
lost	1808	0.604859	80
lost	1807	0.604657	-40
win	1806	0.604456	186
lost	1805	0.604254	100
lost	1804	0.604053	-20
win	1803	0.603851	180
lost	1802	0.60365	20
win	1801	0.603449	168
win	1800	0.603248	186
lost	1799	0.603047	-40
lost	1798	0.602846	100
lost	1797	0.602645	80
lost	1796	0.602444	100
lost	1795	0.602243	-20
win	1794	0.602042	168
win	1793	0.601842	166
lost	1792	0.601641	120
lost	1791	0.60144	40
lost	1790	0.60124	0
lost	1789	0.60104	-40
lost	1788	0.600839	0
lost	1787	0.600639	0
lost	1786	0.600439	20
lost	1785	0.600239	-40
lost	1784	0.600039	-40
win	1783	0.599839	162
lost	1782	0.599639	-20
lost	1781	0.599439	0
lost	1780	0.599239	100
lost	1779	0.599039	120
lost	1778	0.598839	80
lost	1777	0.59864	0
lost	1776	0.59844	40
lost	1775	0.598241	40
lost	1774	0.598041	0
lost	1773	0.597842	-40
win	1772	0.597643	198
win	1771	0.597444	174
lost	1770	0.597244	20
win	1769	0.597045	168
lost	1768	0.596846	80
lost	1767	0.596647	-20
lost	1766	0.596448	40
lost	1765	0.59625	-40
lost	1764	0.596051	40
win	1763	0.595852	168
win	1762	0.595654	216
lost	1761	0.595455	40
win	1760	0.595257	168
lost	1759	0.595058	140
lost	1758	0.59486	60
lost	1757	0.594662	120
lost	1756	0.594463	-40
lost	1755	0.594265	60
win	1754	0.594067	168
lost	1753	0.593869	22
lost	1752	0.593671	0
lost	1751	0.593473	0
lost	1750	0.593275	80
lost	1749	0.593078	-20
lost	1748	0.59288	-40
lost	1747	0.592682	20
lost	1746	0.592485	60
lost	1745	0.592287	0
win	1744	0.59209	160
lost	1743	0.591892	80
lost	1742	0.591695	-40
win	1741	0.591498	180
lost	1740	0.591301	100
lost	1739	0.591104	140
win	1738	0.590907	174
lost	1737	0.59071	-40
lost	1736	0.590513	60
lost	1735	0.590316	0
lost	1734	0.590119	0
lost	1733	0.589922	80
lost	1732	0.589726	20
lost	1731	0.589529	80
lost	1730	0.589333	80
lost	1729	0.589136	100
lost	1728	0.58894	40
win	1727	0.588744	168
win	1726	0.588547	162
lost	1725	0.588351	20
lost	1724	0.588155	0
lost	1723	0.587959	80
lost	1722	0.587763	100
lost	1721	0.587567	-40
lost	1720	0.587371	0
lost	1719	0.587175	0
win	1718	0.58698	174
lost	1717	0.586784	80
lost	1716	0.586588	60
lost	1715	0.586393	-60
lost	1714	0.586197	0
win	1713	0.586002	168
lost	1712	0.585807	0
lost	1711	0.585611	80
win	1710	0.585416	148
lost	1709	0.585221	-20
lost	1708	0.585026	40
lost	1707	0.584831	60
lost	1706	0.584636	0
lost	1705	0.584441	60
lost	1704	0.584246	0
win	1703	0.584052	160
win	1702	0.583857	186
lost	1701	0.583662	40
lost	1700	0.583468	0
lost	1699	0.583273	140
win	1698	0.583079	180
lost	1697	0.582884	60
win	1696	0.58269	160
lost	1695	0.582496	60
lost	1694	0.582302	100
lost	1693	0.582108	20
lost	1692	0.581914	-20
lost	1691	0.58172	-40
lost	1690	0.581526	80
lost	1689	0.581332	0
lost	1688	0.581138	0
win	1687	0.580944	190
win	1686	0.580751	180
lost	1685	0.580557	100
lost	1684	0.580364	120
win	1683	0.58017	186
lost	1682	0.579977	80
lost	1681	0.579784	40
lost	1680	0.57959	60
lost	1679	0.579397	60
lost	1678	0.579204	100
lost	1677	0.579011	-40
lost	1676	0.578818	120
lost	1675	0.578625	40
lost	1674	0.578432	20
lost	1673	0.578239	40
lost	1672	0.578046	80
lost	1671	0.577854	120
lost	1670	0.577661	-20
lost	1669	0.577469	-40
lost	1668	0.577276	100
lost	1667	0.577084	0
lost	1666	0.576891	80
lost	1665	0.576699	-40
lost	1664	0.576507	140
lost	1663	0.576315	20
lost	1662	0.576123	0
lost	1661	0.575931	100
lost	1660	0.575739	60
lost	1659	0.575547	-20
win	1658	0.575355	162
lost	1657	0.575163	20
lost	1656	0.574971	40
lost	1655	0.57478	20
lost	1654	0.574588	40
win	1653	0.574396	174
lost	1652	0.574205	20
lost	1651	0.574014	0
lost	1650	0.573822	20
lost	1649	0.573631	0
lost	1648	0.57344	0
lost	1647	0.573249	60
lost	1646	0.573058	20
lost	1645	0.572867	0
lost	1644	0.572676	40
lost	1643	0.572485	120
win	1642	0.572294	174
lost	1641	0.572103	40
lost	1640	0.571912	80
lost	1639	0.571722	-40
lost	1638	0.571531	20
lost	1637	0.571341	102
lost	1636	0.57115	120
lost	1635	0.57096	80
lost	1634	0.57077	40
lost	1633	0.570579	140
lost	1632	0.570389	0
lost	1631	0.570199	20
lost	1630	0.570009	40
lost	1629	0.569819	40
lost	1628	0.569629	20
lost	1627	0.569439	40
lost	1626	0.569249	-20
lost	1625	0.56906	0
lost	1624	0.56887	120
lost	1623	0.56868	-40
lost	1622	0.568491	0
win	1621	0.568301	162
lost	1620	0.568112	0
lost	1619	0.567922	0
lost	1618	0.567733	-20
lost	1617	0.567544	0
lost	1616	0.567355	100
lost	1615	0.567165	120
win	1614	0.566976	168
lost	1613	0.566787	0
win	1612	0.566599	204
lost	1611	0.56641	0
lost	1610	0.566221	140
lost	1609	0.566032	40
lost	1608	0.565843	40
lost	1607	0.565655	-40
lost	1606	0.565466	80
lost	1605	0.565278	20
lost	1604	0.565089	20
lost	1603	0.564901	80
lost	1602	0.564713	-40
win	1601	0.564524	162
lost	1600	0.564336	80
lost	1599	0.564148	20
lost	1598	0.56396	0
lost	1597	0.563772	60
lost	1596	0.563584	0
lost	1595	0.563396	0
lost	1594	0.563209	-40
lost	1593	0.563021	0
lost	1592	0.562833	22
win	1591	0.562646	160
lost	1590	0.562458	40
win	1589	0.56227	178
lost	1588	0.562083	-40
lost	1587	0.561896	100
lost	1586	0.561708	80
lost	1585	0.561521	0
win	1584	0.561334	180
win	1583	0.561147	192
lost	1582	0.56096	60
win	1581	0.560773	216
lost	1580	0.560586	40
lost	1579	0.560399	100
lost	1578	0.560212	80
lost	1577	0.560026	100
lost	1576	0.559839	80
lost	1575	0.559652	20
win	1574	0.559466	162
lost	1573	0.559279	40
lost	1572	0.559093	0
lost	1571	0.558906	20
lost	1570	0.55872	80
lost	1569	0.558534	100
lost	1568	0.558348	40
lost	1567	0.558162	0
lost	1566	0.557976	-40
lost	1565	0.55779	80
lost	1564	0.557604	-40
lost	1563	0.557418	60
lost	1562	0.557232	120
lost	1561	0.557046	0
win	1560	0.55686	180
lost	1559	0.556675	0
lost	1558	0.556489	-40
lost	1557	0.556304	0
lost	1556	0.556118	120
lost	1555	0.555933	-40
win	1554	0.555748	174
win	1553	0.555562	174
lost	1552	0.555377	80
lost	1551	0.555192	40
lost	1550	0.555007	-20
lost	1549	0.554822	40
lost	1548	0.554637	40
win	1547	0.554452	168
lost	1546	0.554267	20
lost	1545	0.554083	100
lost	1544	0.553898	20
lost	1543	0.553713	-40
lost	1542	0.553529	-20
lost	1541	0.553344	40
lost	1540	0.55316	-40
win	1539	0.552975	162
win	1538	0.552791	162
lost	1537	0.552607	-20
lost	1536	0.552423	40
lost	1535	0.552239	40
lost	1534	0.552054	-40
win	1533	0.55187	162
win	1532	0.551686	174
lost	1531	0.551503	80
lost	1530	0.551319	120
lost	1529	0.551135	0
lost	1528	0.550951	20
lost	1527	0.550768	-40
lost	1526	0.550584	60
lost	1525	0.5504	60
lost	1524	0.550217	140
lost	1523	0.550034	40
lost	1522	0.54985	0
lost	1521	0.549667	40
lost	1520	0.549484	20
lost	1519	0.549301	80
lost	1518	0.549117	-20
lost	1517	0.548934	20
lost	1516	0.548751	0
lost	1515	0.548569	0
lost	1514	0.548386	80
lost	1513	0.548203	62
lost	1512	0.54802	120
lost	1511	0.547837	0
lost	1510	0.547655	20
lost	1509	0.547472	120
lost	1508	0.54729	60
lost	1507	0.547107	-40
lost	1506	0.546925	60
lost	1505	0.546743	20
lost	1504	0.54656	40
lost	1503	0.546378	20
lost	1502	0.546196	40
lost	1501	0.546014	120
lost	1500	0.545832	20
lost	1499	0.54565	0
lost	1498	0.545468	20
win	1497	0.545286	162
lost	1496	0.545105	20
lost	1495	0.544923	-40
lost	1494	0.544741	40
lost	1493	0.54456	0
lost	1492	0.544378	22
lost	1491	0.544197	0
lost	1490	0.544015	60
lost	1489	0.543834	0
lost	1488	0.543653	60
lost	1487	0.543472	60
win	1486	0.54329	210
lost	1485	0.543109	40
lost	1484	0.542928	20
lost	1483	0.542747	40
lost	1482	0.542566	120
lost	1481	0.542386	0
lost	1480	0.542205	140
lost	1479	0.542024	0
lost	1478	0.541843	-20
lost	1477	0.541663	-20
lost	1476	0.541482	20
lost	1475	0.541302	0
win	1474	0.541121	174
lost	1473	0.540941	20
lost	1472	0.540761	80
win	1471	0.54058	162
lost	1470	0.5404	40
lost	1469	0.54022	-40
win	1468	0.54004	180
lost	1467	0.53986	0
lost	1466	0.53968	40
lost	1465	0.5395	120
win	1464	0.53932	192
win	1463	0.53914	168
win	1462	0.538961	186
lost	1461	0.538781	40
lost	1460	0.538601	20
lost	1459	0.538422	20
lost	1458	0.538242	-40
lost	1457	0.538063	0
lost	1456	0.537884	-40
win	1455	0.537704	162
win	1454	0.537525	192
win	1453	0.537346	162
win	1452	0.537167	192
lost	1451	0.536988	120
win	1450	0.536809	168
lost	1449	0.53663	20
lost	1448	0.536451	20
lost	1447	0.536272	60
win	1446	0.536093	162
lost	1445	0.535915	0
lost	1444	0.535736	0
lost	1443	0.535557	0
lost	1442	0.535379	40
lost	1441	0.535201	0
lost	1440	0.535022	140
win	1439	0.534844	192
lost	1438	0.534665	100
lost	1437	0.534487	-40
lost	1436	0.534309	40
lost	1435	0.534131	-40
lost	1434	0.533953	20
win	1433	0.533775	174
lost	1432	0.533597	40
lost	1431	0.533419	0
lost	1430	0.533241	60
win	1429	0.533064	162
lost	1428	0.532886	0
win	1427	0.532708	174
lost	1426	0.532531	0
lost	1425	0.532353	-40
win	1424	0.532176	186
lost	1423	0.531998	0
lost	1422	0.531821	80
lost	1421	0.531644	42
lost	1420	0.531467	0
lost	1419	0.531289	100
lost	1418	0.531112	100
win	1417	0.530935	186
lost	1416	0.530758	80
lost	1415	0.530581	-40
lost	1414	0.530405	40
lost	1413	0.530228	40
lost	1412	0.530051	60
lost	1411	0.529874	40
lost	1410	0.529698	0
lost	1409	0.529521	80
lost	1408	0.529345	-40
lost	1407	0.529168	0
lost	1406	0.528992	0
lost	1405	0.528815	-20
win	1404	0.528639	174
lost	1403	0.528463	0
lost	1402	0.528287	100
lost	1401	0.528111	140
lost	1400	0.527935	100
lost	1399	0.527759	120
lost	1398	0.527583	-40
win	1397	0.527407	168
win	1396	0.527231	160
lost	1395	0.527055	-40
lost	1394	0.52688	82
lost	1393	0.526704	20
lost	1392	0.526528	0
lost	1391	0.526353	-20
lost	1390	0.526178	40
win	1389	0.526002	162
lost	1388	0.525827	80
lost	1387	0.525652	40
lost	1386	0.525476	40
lost	1385	0.525301	0
lost	1384	0.525126	120
win	1383	0.524951	192
lost	1382	0.524776	80
lost	1381	0.524601	80
lost	1380	0.524426	40
lost	1379	0.524251	-40
lost	1378	0.524077	140
lost	1377	0.523902	60
lost	1376	0.523727	40
lost	1375	0.523553	-20
win	1374	0.523378	168
lost	1373	0.523204	120
win	1372	0.523029	186
lost	1371	0.522855	0
lost	1370	0.522681	120
lost	1369	0.522507	60
lost	1368	0.522332	140
lost	1367	0.522158	0
lost	1366	0.521984	60
lost	1365	0.52181	0
lost	1364	0.521636	60
win	1363	0.521462	210
lost	1362	0.521289	100
lost	1361	0.521115	20
win	1360	0.520941	162
lost	1359	0.520767	82
win	1358	0.520594	198
lost	1357	0.52042	20
lost	1356	0.520247	-40
lost	1355	0.520073	120
win	1354	0.5199	174
lost	1353	0.519727	120
lost	1352	0.519554	100
lost	1351	0.51938	60
lost	1350	0.519207	-40
lost	1349	0.519034	20
lost	1348	0.518861	140
win	1347	0.518688	168
win	1346	0.518515	186
lost	1345	0.518342	80
lost	1344	0.51817	-20
win	1343	0.517997	162
lost	1342	0.517824	20
lost	1341	0.517652	0
lost	1340	0.517479	22
win	1339	0.517307	192
lost	1338	0.517134	-20
lost	1337	0.516962	0
lost	1336	0.516789	0
win	1335	0.516617	174
lost	1334	0.516445	-20
lost	1333	0.516273	40
win	1332	0.516101	162
lost	1331	0.515929	20
win	1330	0.515757	192
lost	1329	0.515585	0
lost	1328	0.515413	60
win	1327	0.515241	174
lost	1326	0.515069	-20
lost	1325	0.514898	0
lost	1324	0.514726	-40
lost	1323	0.514555	0
lost	1322	0.514383	60
lost	1321	0.514212	0
win	1320	0.51404	168
lost	1319	0.513869	0
lost	1318	0.513698	20
lost	1317	0.513526	80
lost	1316	0.513355	80
lost	1315	0.513184	40
lost	1314	0.513013	20
win	1313	0.512842	162
lost	1312	0.512671	-40
lost	1311	0.5125	0
lost	1310	0.512329	80
lost	1309	0.512158	-20
win	1308	0.511988	168
win	1307	0.511817	186
win	1306	0.511647	192
lost	1305	0.511476	80
lost	1304	0.511305	-20
lost	1303	0.511135	20
lost	1302	0.510965	80
lost	1301	0.510794	20
lost	1300	0.510624	40
win	1299	0.510454	216
lost	1298	0.510284	80
lost	1297	0.510114	120
lost	1296	0.509944	60
lost	1295	0.509774	20
lost	1294	0.509604	0
win	1293	0.509434	180
lost	1292	0.509264	-40
win	1291	0.509094	168
lost	1290	0.508925	100
lost	1289	0.508755	0
lost	1288	0.508585	20
lost	1287	0.508416	40
lost	1286	0.508246	-40
lost	1285	0.508077	140
lost	1284	0.507908	20
win	1283	0.507738	186
lost	1282	0.507569	120
win	1281	0.5074	216
lost	1280	0.507231	80
lost	1279	0.507062	120
lost	1278	0.506893	0
lost	1277	0.506724	20
win	1276	0.506555	162
lost	1275	0.506386	20
lost	1274	0.506217	120
win	1273	0.506048	174
lost	1272	0.50588	100
lost	1271	0.505711	-40
lost	1270	0.505542	140
lost	1269	0.505374	0
lost	1268	0.505205	20
lost	1267	0.505037	0
lost	1266	0.504869	0
lost	1265	0.5047	0
win	1264	0.504532	192
lost	1263	0.504364	120
win	1262	0.504196	162
win	1261	0.504028	162
win	1260	0.50386	180
win	1259	0.503692	174
win	1258	0.503524	160
lost	1257	0.503356	20
lost	1256	0.503188	60
lost	1255	0.503021	20
lost	1254	0.502853	20
lost	1253	0.502685	40
lost	1252	0.502518	-40
win	1251	0.50235	186
win	1250	0.502183	192
lost	1249	0.502015	80
lost	1248	0.501848	60
lost	1247	0.501681	20
lost	1246	0.501514	80
lost	1245	0.501346	120
lost	1244	0.501179	40
win	1243	0.501012	174
win	1242	0.500845	168
lost	1241	0.500678	80
win	1240	0.500511	0
win	1239	0.500345	192
lost	1238	0.500178	-20
lost	1237	0.500011	-40
lost	1236	0.499844	20
win	1235	0.499678	168
lost	1234	0.499511	0
win	1233	0.499345	162
win	1232	0.499178	162
lost	1231	0.499012	80
lost	1230	0.498845	120
lost	1229	0.498679	40
lost	1228	0.498513	0
win	1227	0.498347	222
win	1226	0.498181	180
win	1225	0.498015	174
lost	1224	0.497849	-40
lost	1223	0.497683	120
lost	1222	0.497517	0
lost	1221	0.497351	0
lost	1220	0.497185	60
lost	1219	0.497019	80
lost	1218	0.496854	80
win	1217	0.496688	162
lost	1216	0.496523	120
lost	1215	0.496357	0
lost	1214	0.496192	0
win	1213	0.496026	192
lost	1212	0.495861	80
lost	1211	0.495696	-40
lost	1210	0.49553	20
win	1209	0.495365	168
lost	1208	0.4952	80
lost	1207	0.495035	-40
lost	1206	0.49487	20
lost	1205	0.494705	60
win	1204	0.49454	174
lost	1203	0.494375	120
lost	1202	0.49421	120
lost	1201	0.494046	40
lost	1200	0.493881	60
win	1199	0.493716	210
win	1198	0.493552	198
lost	1197	0.493387	140
lost	1196	0.493223	0
lost	1195	0.493058	20
lost	1194	0.492894	60
lost	1193	0.49273	-40
win	1192	0.492566	160
lost	1191	0.492401	-20
lost	1190	0.492237	40
lost	1189	0.492073	40
lost	1188	0.491909	40
lost	1187	0.491745	40
lost	1186	0.491581	0
lost	1185	0.491417	80
lost	1184	0.491254	20
lost	1183	0.49109	20
lost	1182	0.490926	100
lost	1181	0.490763	40
lost	1180	0.490599	60
lost	1179	0.490435	60
win	1178	0.490272	186
lost	1177	0.490109	40
win	1176	0.489945	168
lost	1175	0.489782	40
lost	1174	0.489619	0
lost	1173	0.489455	40
win	1172	0.489292	160
lost	1171	0.489129	80
win	1170	0.488966	174
lost	1169	0.488803	20
lost	1168	0.48864	-40
lost	1167	0.488477	40
lost	1166	0.488314	0
lost	1165	0.488152	80
lost	1164	0.487989	80
lost	1163	0.487826	80
lost	1162	0.487664	40
win	1161	0.487501	160
win	1160	0.487339	168
lost	1159	0.487176	60
lost	1158	0.487014	100
win	1157	0.486851	198
lost	1156	0.486689	20
lost	1155	0.486527	40
lost	1154	0.486365	100
lost	1153	0.486203	-20
lost	1152	0.486041	60
lost	1151	0.485879	60
lost	1150	0.485717	20
win	1149	0.485555	192
win	1148	0.485393	168
lost	1147	0.485231	2
lost	1146	0.485069	-40
lost	1145	0.484908	-40
lost	1144	0.484746	80
lost	1143	0.484584	120
win	1142	0.484423	192
lost	1141	0.484261	120
lost	1140	0.4841	40
lost	1139	0.483939	80
lost	1138	0.483777	0
lost	1137	0.483616	60
win	1136	0.483455	180
lost	1135	0.483294	140
lost	1134	0.483133	120
lost	1133	0.482972	-20
lost	1132	0.482811	120
win	1131	0.48265	186
lost	1130	0.482489	40
lost	1129	0.482328	140
lost	1128	0.482167	80
lost	1127	0.482006	-40
lost	1126	0.481846	40
win	1125	0.481685	154
lost	1124	0.481525	40
lost	1123	0.481364	0
win	1122	0.481204	142
lost	1121	0.481043	100
lost	1120	0.480883	0
lost	1119	0.480723	40
lost	1118	0.480562	40
lost	1117	0.480402	40
win	1116	0.480242	180
win	1115	0.480082	162
lost	1114	0.479922	-38
lost	1113	0.479762	20
lost	1112	0.479602	120
lost	1111	0.479442	-20
lost	1110	0.479282	20
win	1109	0.479123	180
win	1108	0.478963	166
lost	1107	0.478803	100
lost	1106	0.478644	40
lost	1105	0.478484	0
win	1104	0.478325	204
lost	1103	0.478165	80
win	1102	0.478006	180
lost	1101	0.477846	0
win	1100	0.477687	160
lost	1099	0.477528	100
lost	1098	0.477369	0
lost	1097	0.47721	40
win	1096	0.47705	198
lost	1095	0.476891	140
lost	1094	0.476732	140
win	1093	0.476574	186
lost	1092	0.476415	40
lost	1091	0.476256	140
lost	1090	0.476097	20
lost	1089	0.475938	60
lost	1088	0.47578	40
lost	1087	0.475621	0
win	1086	0.475463	186
lost	1085	0.475304	-20
lost	1084	0.475146	0
lost	1083	0.474987	-40
lost	1082	0.474829	120
win	1081	0.474671	204
win	1080	0.474513	168
lost	1079	0.474354	20
lost	1078	0.474196	40
lost	1077	0.474038	60
lost	1076	0.47388	0
win	1075	0.473722	204
lost	1074	0.473564	0
lost	1073	0.473406	80
lost	1072	0.473249	-40
win	1071	0.473091	198
lost	1070	0.472933	60
lost	1069	0.472776	40
lost	1068	0.472618	0
lost	1067	0.47246	40
lost	1066	0.472303	140
win	1065	0.472146	168
win	1064	0.471988	162
lost	1063	0.471831	60
lost	1062	0.471674	-40
lost	1061	0.471516	0
lost	1060	0.471359	20
lost	1059	0.471202	80
lost	1058	0.471045	40
lost	1057	0.470888	80
lost	1056	0.470731	20
lost	1055	0.470574	100
lost	1054	0.470417	20
lost	1053	0.47026	60
lost	1052	0.470104	60
win	1051	0.469947	166
win	1050	0.46979	186
win	1049	0.469634	198
lost	1048	0.469477	-20
lost	1047	0.469321	-40
lost	1046	0.469164	0
win	1045	0.469008	180
win	1044	0.468851	168
lost	1043	0.468695	120
lost	1042	0.468539	20
lost	1041	0.468383	80
lost	1040	0.468227	40
win	1039	0.468071	204
lost	1038	0.467915	0
lost	1037	0.467759	140
lost	1036	0.467603	40
lost	1035	0.467447	140
lost	1034	0.467291	-40
lost	1033	0.467135	-40
win	1032	0.46698	192
lost	1031	0.466824	60
win	1030	0.466668	192
lost	1029	0.466513	40
lost	1028	0.466357	-40
win	1027	0.466202	186
lost	1026	0.466046	140
lost	1025	0.465891	120
win	1024	0.465736	162
lost	1023	0.46558	80
lost	1022	0.465425	-20
lost	1021	0.46527	80
lost	1020	0.465115	20
lost	1019	0.46496	120
lost	1018	0.464805	40
win	1017	0.46465	162
win	1016	0.464495	204
lost	1015	0.46434	60
lost	1014	0.464186	80
lost	1013	0.464031	80
lost	1012	0.463876	0
win	1011	0.463722	192
win	1010	0.463567	192
lost	1009	0.463412	40
lost	1008	0.463258	-20
lost	1007	0.463104	0
lost	1006	0.462949	80
win	1005	0.462795	180
lost	1004	0.462641	120
win	1003	0.462486	160
win	1002	0.462332	168
lost	1001	0.462178	-40
lost	1000	0.462024	0
lost	999	0.46187	0
lost	998	0.461716	40
lost	997	0.461562	100
win	996	0.461408	198
lost	995	0.461255	140
lost	994	0.461101	40
lost	993	0.460947	40
lost	992	0.460793	40
lost	991	0.46064	80
win	990	0.460486	186
lost	989	0.460333	100
lost	988	0.460179	60
lost	987	0.460026	40
lost	986	0.459873	80
lost	985	0.459719	100
lost	984	0.459566	0
lost	983	0.459413	120
lost	982	0.45926	120
lost	981	0.459107	40
win	980	0.458954	140
lost	979	0.458801	120
lost	978	0.458648	120
lost	977	0.458495	120
lost	976	0.458342	120
lost	975	0.458189	80
win	974	0.458036	174
lost	973	0.457884	80
lost	972	0.457731	80
lost	971	0.457579	40
lost	970	0.457426	140
win	969	0.457274	168
lost	968	0.457121	20
lost	967	0.456969	20
win	966	0.456816	192
lost	965	0.456664	0
lost	964	0.456512	40
lost	963	0.45636	20
lost	962	0.456208	2
lost	961	0.456056	0
lost	960	0.455904	0
lost	959	0.455752	20
win	958	0.4556	180
lost	957	0.455448	20
lost	956	0.455296	140
win	955	0.455144	166
lost	954	0.454993	60
lost	953	0.454841	0
lost	952	0.454689	40
win	951	0.454538	204
lost	950	0.454386	40
lost	949	0.454235	140
win	948	0.454083	162
lost	947	0.453932	80
win	946	0.453781	160
lost	945	0.453629	0
lost	944	0.453478	0
lost	943	0.453327	40
lost	942	0.453176	0
win	941	0.453025	168
lost	940	0.452874	120
lost	939	0.452723	-40
lost	938	0.452572	80
lost	937	0.452421	0
lost	936	0.45227	80
lost	935	0.45212	80
lost	934	0.451969	40
lost	933	0.451818	20
lost	932	0.451668	20
lost	931	0.451517	40
win	930	0.451367	198
win	929	0.451216	174
lost	928	0.451066	-20
lost	927	0.450915	0
win	926	0.450765	204
lost	925	0.450615	0
lost	924	0.450465	40
win	923	0.450314	174
win	922	0.450164	204
lost	921	0.450014	0
lost	920	0.449864	40
win	919	0.449714	162
lost	918	0.449564	140
win	917	0.449415	192
lost	916	0.449265	20
lost	915	0.449115	0
lost	914	0.448965	120
win	913	0.448816	142
lost	912	0.448666	120
lost	911	0.448516	120
win	910	0.448367	160
lost	909	0.448217	60
lost	908	0.448068	140
win	907	0.447919	216
lost	906	0.447769	0
win	905	0.44762	180
lost	904	0.447471	140
lost	903	0.447322	40
win	902	0.447173	192
lost	901	0.447024	40
lost	900	0.446875	0
lost	899	0.446726	40
win	898	0.446577	174
lost	897	0.446428	20
win	896	0.446279	162
win	895	0.44613	180
lost	894	0.445982	140
lost	893	0.445833	102
lost	892	0.445684	0
win	891	0.445536	168
lost	890	0.445387	0
lost	889	0.445239	40
lost	888	0.44509	40
win	887	0.444942	162
lost	886	0.444794	60
lost	885	0.444645	120
lost	884	0.444497	0
win	883	0.444349	168
lost	882	0.444201	100
lost	881	0.444053	0
lost	880	0.443905	60
lost	879	0.443757	0
win	878	0.443609	168
win	877	0.443461	228
lost	876	0.443313	80
lost	875	0.443166	100
lost	874	0.443018	120
lost	873	0.44287	20
lost	872	0.442723	40
win	871	0.442575	180
lost	870	0.442427	-20
win	869	0.44228	162
lost	868	0.442133	-40
lost	867	0.441985	0
lost	866	0.441838	0
lost	865	0.441691	0
win	864	0.441543	186
win	863	0.441396	168
lost	862	0.441249	122
lost	861	0.441102	80
lost	860	0.440955	40
lost	859	0.440808	-40
lost	858	0.440661	102
lost	857	0.440514	20
lost	856	0.440367	40
lost	855	0.44022	100
lost	854	0.440074	60
lost	853	0.439927	40
lost	852	0.43978	-40
lost	851	0.439634	0
lost	850	0.439487	60
lost	849	0.439341	40
lost	848	0.439194	80
lost	847	0.439048	2
win	846	0.438902	162
lost	845	0.438755	40
lost	844	0.438609	-20
win	843	0.438463	174
lost	842	0.438317	100
lost	841	0.438171	100
win	840	0.438024	192
lost	839	0.437878	20
win	838	0.437732	210
lost	837	0.437587	20
win	836	0.437441	168
lost	835	0.437295	0
lost	834	0.437149	80
lost	833	0.437003	40
win	832	0.436858	168
lost	831	0.436712	40
lost	830	0.436567	60
lost	829	0.436421	80
lost	828	0.436276	100
lost	827	0.43613	80
lost	826	0.435985	40
lost	825	0.435839	0
lost	824	0.435694	20
lost	823	0.435549	80
lost	822	0.435404	102
lost	821	0.435259	0
lost	820	0.435114	40
lost	819	0.434968	60
lost	818	0.434823	40
lost	817	0.434679	40
lost	816	0.434534	120
lost	815	0.434389	40
lost	814	0.434244	100
win	813	0.434099	192
win	812	0.433955	180
win	811	0.43381	180
lost	810	0.433665	20
win	809	0.433521	162
win	808	0.433376	180
lost	807	0.433232	120
win	806	0.433087	180
lost	805	0.432943	20
win	804	0.432799	162
lost	803	0.432654	0
win	802	0.43251	186
win	801	0.432366	180
lost	800	0.432222	80
lost	799	0.432078	40
win	798	0.431934	198
lost	797	0.43179	0
lost	796	0.431646	80
win	795	0.431502	192
lost	794	0.431358	20
lost	793	0.431214	120
lost	792	0.431071	60
lost	791	0.430927	40
win	790	0.430783	216
lost	789	0.43064	60
lost	788	0.430496	60
win	787	0.430353	162
win	786	0.430209	192
lost	785	0.430066	40
win	784	0.429922	192
lost	783	0.429779	60
win	782	0.429636	162
lost	781	0.429493	2
lost	780	0.42935	-40
win	779	0.429206	204
win	778	0.429063	168
win	777	0.42892	142
lost	776	0.428777	120
lost	775	0.428634	42
win	774	0.428492	162
lost	773	0.428349	62
lost	772	0.428206	80
lost	771	0.428063	20
lost	770	0.427921	120
lost	769	0.427778	80
lost	768	0.427635	100
win	767	0.427493	168
lost	766	0.42735	120
win	765	0.427208	174
lost	764	0.427065	140
lost	763	0.426923	0
win	762	0.426781	192
win	761	0.426638	204
win	760	0.426496	180
lost	759	0.426354	100
lost	758	0.426212	40
win	757	0.42607	222
win	756	0.425928	174
win	755	0.425786	186
lost	754	0.425644	40
lost	753	0.425502	80
lost	752	0.42536	0
lost	751	0.425218	60
lost	750	0.425077	40
win	749	0.424935	180
lost	748	0.424793	-40
lost	747	0.424652	-40
lost	746	0.42451	80
lost	745	0.424369	40
lost	744	0.424227	80
lost	743	0.424086	-40
lost	742	0.423945	-40
lost	741	0.423803	20
win	740	0.423662	162
lost	739	0.423521	2
lost	738	0.42338	80
lost	737	0.423238	20
win	736	0.423097	180
lost	735	0.422956	20
lost	734	0.422815	100
win	733	0.422674	160
win	732	0.422534	162
win	731	0.422393	180
win	730	0.422252	204
win	729	0.422111	180
lost	728	0.42197	20
lost	727	0.42183	22
lost	726	0.421689	-20
lost	725	0.421549	0
lost	724	0.421408	100
win	723	0.421268	0
lost	722	0.421127	0
lost	721	0.420987	140
lost	720	0.420846	100
lost	719	0.420706	140
win	718	0.420566	198
lost	717	0.420426	20
lost	716	0.420286	0
win	715	0.420146	168
win	714	0.420005	168
lost	713	0.419865	140
win	712	0.419726	160
win	711	0.419586	186
lost	710	0.419446	80
lost	709	0.419306	0
win	708	0.419166	198
win	707	0.419026	160
win	706	0.418887	180
lost	705	0.418747	2
lost	704	0.418608	120
win	703	0.418468	210
win	702	0.418329	180
lost	701	0.418189	40
lost	700	0.41805	-40
lost	699	0.41791	20
lost	698	0.417771	80
lost	697	0.417632	20
lost	696	0.417493	0
win	695	0.417353	210
win	694	0.417214	168
win	693	0.417075	186
lost	692	0.416936	20
lost	691	0.416797	0
lost	690	0.416658	100
win	689	0.416519	186
lost	688	0.416381	0
lost	687	0.416242	0
win	686	0.416103	190
lost	685	0.415964	-20
lost	684	0.415826	80
lost	683	0.415687	80
lost	682	0.415548	80
lost	681	0.41541	100
lost	680	0.415271	20
lost	679	0.415133	100
lost	678	0.414995	80
win	677	0.414856	174
win	676	0.414718	198
win	675	0.41458	186
lost	674	0.414442	-40
lost	673	0.414303	22
lost	672	0.414165	20
lost	671	0.414027	60
win	670	0.413889	192
lost	669	0.413751	80
lost	668	0.413613	40
win	667	0.413476	216
lost	666	0.413338	80
lost	665	0.4132	40
win	664	0.413062	160
lost	663	0.412925	40
lost	662	0.412787	-40
lost	661	0.412649	0
lost	660	0.412512	0
lost	659	0.412374	120
lost	658	0.412237	40
lost	657	0.412099	142
lost	656	0.411962	20
win	655	0.411825	180
win	654	0.411687	198
win	653	0.41155	204
lost	652	0.411413	100
win	651	0.411276	162
lost	650	0.411139	20
lost	649	0.411002	20
lost	648	0.410865	100
lost	647	0.410728	120
lost	646	0.410591	-20
lost	645	0.410454	20
lost	644	0.410317	0
lost	643	0.41018	120
lost	642	0.410044	40
lost	641	0.409907	120
win	640	0.40977	168
win	639	0.409634	192
win	638	0.409497	210
win	637	0.409361	192
lost	636	0.409224	40
lost	635	0.409088	80
win	634	0.408952	186
lost	633	0.408815	20
lost	632	0.408679	40
lost	631	0.408543	20
lost	630	0.408407	140
lost	629	0.40827	40
lost	628	0.408134	120
lost	627	0.407998	40
lost	626	0.407862	120
lost	625	0.407726	80
win	624	0.40759	168
lost	623	0.407455	40
win	622	0.407319	168
lost	621	0.407183	20
lost	620	0.407047	40
lost	619	0.406912	40
win	618	0.406776	180
win	617	0.40664	192
lost	616	0.406505	80
lost	615	0.406369	40
lost	614	0.406234	0
lost	613	0.406098	140
lost	612	0.405963	40
lost	611	0.405828	80
win	610	0.405692	168
win	609	0.405557	186
lost	608	0.405422	40
lost	607	0.405287	42
win	606	0.405152	148
win	605	0.405017	180
lost	604	0.404882	40
lost	603	0.404747	60
win	602	0.404612	192
lost	601	0.404477	20
lost	600	0.404342	0
lost	599	0.404207	20
win	598	0.404073	192
lost	597	0.403938	120
lost	596	0.403803	20
win	595	0.403669	198
lost	594	0.403534	20
lost	593	0.4034	20
lost	592	0.403265	0
lost	591	0.403131	40
lost	590	0.402996	20
lost	589	0.402862	0
win	588	0.402728	174
win	587	0.402593	198
lost	586	0.402459	120
lost	585	0.402325	0
lost	584	0.402191	140
win	583	0.402057	174
lost	582	0.401923	0
lost	581	0.401789	40
lost	580	0.401655	120
lost	579	0.401521	20
lost	578	0.401387	20
win	577	0.401254	162
lost	576	0.40112	100
lost	575	0.400986	20
lost	574	0.400852	40
lost	573	0.400719	80
lost	572	0.400585	120
win	571	0.400452	168
lost	570	0.400318	0
win	569	0.400185	198
win	568	0.400051	186
win	567	0.399918	154
lost	566	0.399785	-20
win	565	0.399651	162
win	564	0.399518	162
lost	563	0.399385	100
lost	562	0.399252	60
lost	561	0.399119	120
lost	560	0.398986	20
lost	559	0.398853	140
lost	558	0.39872	40
lost	557	0.398587	80
lost	556	0.398454	0
lost	555	0.398321	40
win	554	0.398188	162
lost	553	0.398056	40
lost	552	0.397923	120
lost	551	0.39779	20
lost	550	0.397658	-40
win	549	0.397525	192
lost	548	0.397393	40
lost	547	0.39726	20
lost	546	0.397128	80
lost	545	0.396996	100
lost	544	0.396863	40
lost	543	0.396731	0
lost	542	0.396599	20
lost	541	0.396466	20
win	540	0.396334	168
lost	539	0.396202	-20
lost	538	0.39607	-20
win	537	0.395938	210
lost	536	0.395806	40
lost	535	0.395674	20
lost	534	0.395542	-20
win	533	0.39541	192
lost	532	0.395279	120
win	531	0.395147	162
lost	530	0.395015	40
win	529	0.394884	162
win	528	0.394752	174
lost	527	0.39462	80
lost	526	0.394489	80
lost	525	0.394357	-40
win	524	0.394226	166
win	523	0.394094	174
lost	522	0.393963	40
win	521	0.393832	186
lost	520	0.3937	-20
lost	519	0.393569	40
lost	518	0.393438	40
lost	517	0.393307	120
lost	516	0.393176	40
lost	515	0.393045	20
win	514	0.392914	174
lost	513	0.392783	60
lost	512	0.392652	100
lost	511	0.392521	120
lost	510	0.39239	40
lost	509	0.392259	100
win	508	0.392129	162
lost	507	0.391998	0
lost	506	0.391867	40
lost	505	0.391737	100
lost	504	0.391606	0
win	503	0.391475	192
lost	502	0.391345	0
lost	501	0.391214	40
lost	500	0.391084	0
lost	499	0.390954	140
lost	498	0.390823	40
lost	497	0.390693	0
lost	496	0.390563	0
win	495	0.390433	180
win	494	0.390303	180
lost	493	0.390172	60
lost	492	0.390042	100
lost	491	0.389912	120
win	490	0.389782	172
win	489	0.389652	180
lost	488	0.389523	80
lost	487	0.389393	60
lost	486	0.389263	100
lost	485	0.389133	80
lost	484	0.389003	-20
lost	483	0.388874	100
win	482	0.388744	192
win	481	0.388615	174
lost	480	0.388485	20
lost	479	0.388356	20
lost	478	0.388226	20
lost	477	0.388097	-20
win	476	0.387967	0
lost	475	0.387838	100
lost	474	0.387709	0
win	473	0.38758	0
lost	472	0.38745	120
win	471	0.387321	186
lost	470	0.387192	20
lost	469	0.387063	80
win	468	0.386934	180
lost	467	0.386805	100
lost	466	0.386676	20
lost	465	0.386547	20
lost	464	0.386418	20
win	463	0.38629	192
win	462	0.386161	180
win	461	0.386032	186
win	460	0.385903	160
lost	459	0.385775	140
lost	458	0.385646	-40
win	457	0.385518	192
lost	456	0.385389	120
lost	455	0.385261	100
win	454	0.385132	192
lost	453	0.385004	100
win	452	0.384875	210
lost	451	0.384747	-20
lost	450	0.384619	-20
win	449	0.384491	174
win	448	0.384363	168
lost	447	0.384234	120
lost	446	0.384106	120
lost	445	0.383978	120
win	444	0.38385	192
lost	443	0.383722	120
lost	442	0.383594	0
lost	441	0.383467	80
lost	440	0.383339	40
lost	439	0.383211	22
lost	438	0.383083	80
win	437	0.382956	186
lost	436	0.382828	80
lost	435	0.3827	0
lost	434	0.382573	40
win	433	0.382445	162
lost	432	0.382318	80
lost	431	0.38219	100
win	430	0.382063	204
lost	429	0.381936	100
win	428	0.381808	198
lost	427	0.381681	-20
lost	426	0.381554	0
win	425	0.381427	204
lost	424	0.381299	40
win	423	0.381172	162
win	422	0.381045	168
lost	421	0.380918	-40
lost	420	0.380791	120
win	419	0.380664	198
lost	418	0.380537	40
lost	417	0.380411	-40
win	416	0.380284	162
lost	415	0.380157	0
lost	414	0.38003	-40
lost	413	0.379904	-40
lost	412	0.379777	120
win	411	0.37965	168
win	410	0.379524	168
lost	409	0.379397	60
win	408	0.379271	198
lost	407	0.379144	102
win	406	0.379018	174
lost	405	0.378892	40
win	404	0.378765	174
win	403	0.378639	168
lost	402	0.378513	-40
win	401	0.378387	162
win	400	0.378261	186
win	399	0.378135	174
lost	398	0.378009	60
lost	397	0.377883	20
lost	396	0.377757	20
lost	395	0.377631	20
lost	394	0.377505	120
lost	393	0.377379	140
win	392	0.377253	204
win	391	0.377127	174
lost	390	0.377002	20
win	389	0.376876	180
lost	388	0.37675	60
lost	387	0.376625	-20
win	386	0.376499	174
lost	385	0.376374	-40
lost	384	0.376248	40
lost	383	0.376123	120
lost	382	0.375998	0
win	381	0.375872	174
lost	380	0.375747	60
lost	379	0.375622	60
lost	378	0.375496	120
lost	377	0.375371	0
lost	376	0.375246	40
lost	375	0.375121	0
win	374	0.374996	186
lost	373	0.374871	80
lost	372	0.374746	40
win	371	0.374621	162
win	370	0.374496	216
lost	369	0.374371	100
lost	368	0.374247	102
win	367	0.374122	204
win	366	0.373997	0
win	365	0.373873	192
lost	364	0.373748	80
win	363	0.373623	204
lost	362	0.373499	40
lost	361	0.373374	40
lost	360	0.37325	40
win	359	0.373125	174
lost	358	0.373001	100
lost	357	0.372877	22
lost	356	0.372752	120
win	355	0.372628	180
win	354	0.372504	198
win	353	0.37238	180
lost	352	0.372256	40
lost	351	0.372132	0
lost	350	0.372008	40
lost	349	0.371884	-20
lost	348	0.37176	82
win	347	0.371636	186
lost	346	0.371512	40
lost	345	0.371388	80
win	344	0.371264	168
lost	343	0.37114	80
lost	342	0.371017	80
lost	341	0.370893	40
lost	340	0.370769	100
win	339	0.370646	162
lost	338	0.370522	140
lost	337	0.370399	0
lost	336	0.370275	100
lost	335	0.370152	120
lost	334	0.370028	0
win	333	0.369905	168
lost	332	0.369782	20
win	331	0.369659	174
lost	330	0.369535	20
lost	329	0.369412	20
lost	328	0.369289	120
win	327	0.369166	180
lost	326	0.369043	80
lost	325	0.36892	-40
win	324	0.368797	162
win	323	0.368674	180
win	322	0.368551	180
win	321	0.368428	174
lost	320	0.368305	-40
lost	319	0.368183	80
lost	318	0.36806	120
win	317	0.367937	186
lost	316	0.367815	0
lost	315	0.367692	40
lost	314	0.367569	0
lost	313	0.367447	60
lost	312	0.367324	-20
lost	311	0.367202	40
win	310	0.36708	174
lost	309	0.366957	80
win	308	0.366835	160
lost	307	0.366713	120
lost	306	0.36659	80
lost	305	0.366468	0
win	304	0.366346	192
lost	303	0.366224	120
lost	302	0.366102	-20
win	301	0.36598	174
lost	300	0.365858	100
lost	299	0.365736	40
lost	298	0.365614	60
win	297	0.365492	160
win	296	0.36537	204
lost	295	0.365248	40
lost	294	0.365127	0
win	293	0.365005	168
lost	292	0.364883	0
lost	291	0.364762	80
lost	290	0.36464	60
lost	289	0.364519	80
lost	288	0.364397	-20
win	287	0.364276	162
lost	286	0.364154	40
lost	285	0.364033	80
lost	284	0.363911	40
win	283	0.36379	180
lost	282	0.363669	40
win	281	0.363548	174
lost	280	0.363426	0
lost	279	0.363305	102
lost	278	0.363184	-40
lost	277	0.363063	20
lost	276	0.362942	40
win	275	0.362821	198
lost	274	0.3627	8
lost	273	0.362579	0
win	272	0.362458	180
lost	271	0.362338	20
win	270	0.362217	180
win	269	0.362096	162
win	268	0.361975	198
lost	267	0.361855	120
win	266	0.361734	198
lost	265	0.361614	60
lost	264	0.361493	40
win	263	0.361373	162
lost	262	0.361252	-40
lost	261	0.361132	60
lost	260	0.361011	-20
lost	259	0.360891	40
lost	258	0.360771	20
lost	257	0.36065	100
lost	256	0.36053	0
lost	255	0.36041	80
lost	254	0.36029	120
lost	253	0.36017	100
lost	252	0.36005	120
lost	251	0.35993	80
lost	250	0.35981	20
lost	249	0.35969	-20
win	248	0.35957	174
lost	247	0.35945	0
lost	246	0.35933	-40
lost	245	0.35921	0
lost	244	0.359091	-40
lost	243	0.358971	40
lost	242	0.358851	40
lost	241	0.358732	20
win	240	0.358612	180
lost	239	0.358493	0
win	238	0.358373	174
lost	237	0.358254	120
lost	236	0.358134	20
lost	235	0.358015	20
lost	234	0.357896	80
lost	233	0.357776	140
lost	232	0.357657	40
win	231	0.357538	192
win	230	0.357419	198
win	229	0.357299	174
win	228	0.35718	162
lost	227	0.357061	40
lost	226	0.356942	40
lost	225	0.356823	20
lost	224	0.356704	120
lost	223	0.356585	0
lost	222	0.356467	0
lost	221	0.356348	20
lost	220	0.356229	0
win	219	0.35611	168
lost	218	0.355991	100
lost	217	0.355873	40
win	216	0.355754	210
win	215	0.355636	186
win	214	0.355517	160
lost	213	0.355399	60
win	212	0.35528	180
lost	211	0.355162	40
lost	210	0.355043	120
win	209	0.354925	216
lost	208	0.354807	100
lost	207	0.354688	120
lost	206	0.35457	0
lost	205	0.354452	22
lost	204	0.354334	40
win	203	0.354216	186
lost	202	0.354098	120
win	201	0.35398	174
win	200	0.353862	216
win	199	0.353744	162
lost	198	0.353626	0
lost	197	0.353508	-40
lost	196	0.35339	40
lost	195	0.353272	0
win	194	0.353154	178
lost	193	0.353037	120
win	192	0.352919	180
lost	191	0.352801	0
win	190	0.352684	192
lost	189	0.352566	80
lost	188	0.352449	100
lost	187	0.352331	0
lost	186	0.352214	20
lost	185	0.352096	-40
lost	184	0.351979	40
lost	183	0.351862	120
lost	182	0.351744	100
win	181	0.351627	180
lost	180	0.35151	80
win	179	0.351393	180
lost	178	0.351276	20
lost	177	0.351159	60
lost	176	0.351042	40
lost	175	0.350925	40
win	174	0.350808	168
win	173	0.350691	160
lost	172	0.350574	0
win	171	0.350457	162
lost	170	0.35034	0
lost	169	0.350223	80
lost	168	0.350107	60
lost	167	0.34999	120
win	166	0.349873	168
lost	165	0.349757	-20
lost	164	0.34964	100
lost	163	0.349523	40
lost	162	0.349407	20
lost	161	0.34929	120
lost	160	0.349174	20
win	159	0.349058	186
lost	158	0.348941	40
lost	157	0.348825	0
lost	156	0.348709	40
lost	155	0.348592	20
lost	154	0.348476	120
win	153	0.34836	192
win	152	0.348244	198
lost	151	0.348128	80
win	150	0.348012	174
win	149	0.347896	186
lost	148	0.34778	2
lost	147	0.347664	40
lost	146	0.347548	0
lost	145	0.347432	80
lost	144	0.347316	60
lost	143	0.347201	60
win	142	0.347085	222
win	141	0.346969	186
win	140	0.346854	180
lost	139	0.346738	60
lost	138	0.346622	102
lost	137	0.346507	140
lost	136	0.346391	40
win	135	0.346276	180
win	134	0.34616	174
lost	133	0.346045	0
lost	132	0.34593	40
lost	131	0.345814	40
lost	130	0.345699	60
lost	129	0.345584	60
lost	128	0.345469	60
lost	127	0.345353	100
win	126	0.345238	180
lost	125	0.345123	0
lost	124	0.345008	2
win	123	0.344893	162
lost	122	0.344778	80
lost	121	0.344663	140
lost	120	0.344548	20
lost	119	0.344434	80
lost	118	0.344319	120
lost	117	0.344204	120
lost	116	0.344089	0
lost	115	0.343975	20
lost	114	0.34386	40
lost	113	0.343745	140
win	112	0.343631	180
lost	111	0.343516	42
win	110	0.343402	210
win	109	0.343287	198
win	108	0.343173	180
lost	107	0.343058	80
win	106	0.342944	142
win	105	0.34283	192
lost	104	0.342715	60
win	103	0.342601	162
lost	102	0.342487	80
win	101	0.342373	204
lost	100	0.342259	-40
win	99	0.342145	192
lost	98	0.342031	120
lost	97	0.341917	-20
lost	96	0.341803	100
lost	95	0.341689	60
win	94	0.341575	210
lost	93	0.341461	120
lost	92	0.341347	20
lost	91	0.341233	0
lost	90	0.34112	0
lost	89	0.341006	120
lost	88	0.340892	0
lost	87	0.340779	100
lost	86	0.340665	80
win	85	0.340551	198
win	84	0.340438	186
win	83	0.340324	174
win	82	0.340211	160
lost	81	0.340098	-40
lost	80	0.339984	80
win	79	0.339871	168
win	78	0.339758	162
win	77	0.339644	180
lost	76	0.339531	80
win	75	0.339418	162
win	74	0.339305	174
lost	73	0.339192	40
lost	72	0.339079	20
win	71	0.338966	186
lost	70	0.338853	20
lost	69	0.33874	80
win	68	0.338627	186
win	67	0.338514	204
lost	66	0.338401	20
lost	65	0.338288	20
win	64	0.338175	186
lost	63	0.338063	20
win	62	0.33795	186
lost	61	0.337837	120
lost	60	0.337725	80
win	59	0.337612	186
lost	58	0.3375	0
lost	57	0.337387	0
win	56	0.337275	186
lost	55	0.337162	100
lost	54	0.33705	0
lost	53	0.336938	60
lost	52	0.336825	100
lost	51	0.336713	100
lost	50	0.336601	80
lost	49	0.336489	142
win	48	0.336376	180
lost	47	0.336264	80
lost	46	0.336152	80
win	45	0.33604	168
lost	44	0.335928	0
win	43	0.335816	180
lost	42	0.335704	100
lost	41	0.335592	40
lost	40	0.33548	20
win	39	0.335369	204
lost	38	0.335257	40
win	37	0.335145	0
lost	36	0.335033	-40
lost	35	0.334922	140
win	34	0.33481	186
win	33	0.334698	186
win	32	0.334587	210
lost	31	0.334475	40
win	30	0.334364	198
lost	29	0.334252	40
lost	28	0.334141	40
win	27	0.33403	192
win	26	0.333918	180
win	25	0.333807	160
win	24	0.333696	186
lost	23	0.333584	100
lost	22	0.333473	0
lost	21	0.333362	0
lost	20	0.333251	0
win	19	0.33314	0
win	18	0.333029	174
win	17	0.332918	162
lost	16	0.332807	100
lost	15	0.332696	120
lost	14	0.332585	120
win	13	0.332474	186
win	12	0.332363	180
lost	11	0.332253	40
lost	10	0.332142	0
win	9	0.332031	210
win	8	0.33192	216
lost	7	0.33181	60
lost	6	0.331699	0
win	5	0.331589	168
win	4	0.331478	162
lost	3	0.331368	120
win	2	0.331257	180
lost	1	0.331147	100
