lost	3000	0.9	2
lost	2999	0.8997	-40
lost	2998	0.8994	-40
lost	2997	0.8991	0
lost	2996	0.898801	-20
lost	2995	0.898501	20
lost	2994	0.898201	-40
win	2993	0.897902	168
lost	2992	0.897603	0
lost	2991	0.897304	20
lost	2990	0.897004	20
lost	2989	0.896705	20
lost	2988	0.896407	-20
lost	2987	0.896108	40
lost	2986	0.895809	0
lost	2985	0.89551	-20
lost	2984	0.895212	0
lost	2983	0.894914	20
lost	2982	0.894615	20
lost	2981	0.894317	0
lost	2980	0.894019	120
lost	2979	0.893721	-40
lost	2978	0.893423	40
lost	2977	0.893125	-20
lost	2976	0.892828	-40
lost	2975	0.89253	-40
lost	2974	0.892232	122
lost	2973	0.891935	100
lost	2972	0.891638	0
lost	2971	0.89134	40
lost	2970	0.891043	20
lost	2969	0.890746	22
win	2968	0.890449	168
lost	2967	0.890153	0
lost	2966	0.889856	20
lost	2965	0.889559	-40
lost	2964	0.889263	-40
lost	2963	0.888966	80
lost	2962	0.88867	-40
lost	2961	0.888374	40
lost	2960	0.888078	40
lost	2959	0.887782	-38
lost	2958	0.887486	-20
lost	2957	0.88719	0
lost	2956	0.886894	-40
lost	2955	0.886599	0
lost	2954	0.886303	0
lost	2953	0.886008	-20
lost	2952	0.885712	-20
lost	2951	0.885417	0
lost	2950	0.885122	80
lost	2949	0.884827	-40
lost	2948	0.884532	80
lost	2947	0.884237	-20
lost	2946	0.883942	-20
lost	2945	0.883648	-40
lost	2944	0.883353	0
lost	2943	0.883059	20
lost	2942	0.882764	40
lost	2941	0.88247	-40
lost	2940	0.882176	80
lost	2939	0.881882	20
lost	2938	0.881588	-20
lost	2937	0.881294	100
win	2936	0.881	168
lost	2935	0.880707	0
lost	2934	0.880413	80
lost	2933	0.88012	-20
lost	2932	0.879826	20
lost	2931	0.879533	100
lost	2930	0.87924	-20
lost	2929	0.878947	-40
lost	2928	0.878654	40
lost	2927	0.878361	-20
lost	2926	0.878068	60
lost	2925	0.877775	-40
lost	2924	0.877483	40
lost	2923	0.87719	120
lost	2922	0.876898	120
lost	2921	0.876605	60
lost	2920	0.876313	140
lost	2919	0.876021	20
lost	2918	0.875729	20
lost	2917	0.875437	-20
lost	2916	0.875145	-20
lost	2915	0.874854	80
lost	2914	0.874562	20
lost	2913	0.874271	20
lost	2912	0.873979	20
lost	2911	0.873688	-40
lost	2910	0.873397	0
lost	2909	0.873105	-40
lost	2908	0.872814	0
lost	2907	0.872524	80
lost	2906	0.872233	-40
lost	2905	0.871942	-40
lost	2904	0.871651	40
lost	2903	0.871361	-40
lost	2902	0.87107	0
lost	2901	0.87078	-20
lost	2900	0.87049	20
lost	2899	0.870199	0
lost	2898	0.869909	0
lost	2897	0.869619	-40
lost	2896	0.86933	40
lost	2895	0.86904	20
lost	2894	0.86875	40
lost	2893	0.868461	0
lost	2892	0.868171	40
lost	2891	0.867882	-20
lost	2890	0.867592	0
lost	2889	0.867303	40
lost	2888	0.867014	20
lost	2887	0.866725	0
lost	2886	0.866436	0
lost	2885	0.866147	0
lost	2884	0.865859	40
lost	2883	0.86557	0
lost	2882	0.865281	-40
lost	2881	0.864993	-20
lost	2880	0.864705	0
lost	2879	0.864416	-20
lost	2878	0.864128	0
lost	2877	0.86384	40
lost	2876	0.863552	0
lost	2875	0.863265	140
lost	2874	0.862977	-40
lost	2873	0.862689	0
lost	2872	0.862402	40
lost	2871	0.862114	0
lost	2870	0.861827	-20
lost	2869	0.861539	0
lost	2868	0.861252	0
lost	2867	0.860965	60
lost	2866	0.860678	20
lost	2865	0.860391	40
lost	2864	0.860104	20
lost	2863	0.859818	-40
lost	2862	0.859531	-40
lost	2861	0.859245	-40
lost	2860	0.858958	40
lost	2859	0.858672	40
lost	2858	0.858386	-20
lost	2857	0.8581	-20
lost	2856	0.857814	0
lost	2855	0.857528	-40
lost	2854	0.857242	0
lost	2853	0.856956	140
lost	2852	0.85667	60
lost	2851	0.856385	-20
lost	2850	0.856099	100
lost	2849	0.855814	60
lost	2848	0.855529	-40
lost	2847	0.855244	100
lost	2846	0.854958	80
lost	2845	0.854673	0
lost	2844	0.854389	120
lost	2843	0.854104	-20
lost	2842	0.853819	0
lost	2841	0.853534	0
lost	2840	0.85325	20
lost	2839	0.852966	100
lost	2838	0.852681	-20
lost	2837	0.852397	20
lost	2836	0.852113	-40
lost	2835	0.851829	140
lost	2834	0.851545	140
lost	2833	0.851261	100
lost	2832	0.850977	-40
win	2831	0.850694	180
lost	2830	0.85041	0
lost	2829	0.850127	-40
lost	2828	0.849843	0
lost	2827	0.84956	0
lost	2826	0.849277	0
lost	2825	0.848994	-20
lost	2824	0.848711	-20
lost	2823	0.848428	20
lost	2822	0.848145	0
lost	2821	0.847862	80
lost	2820	0.84758	40
lost	2819	0.847297	-20
lost	2818	0.847015	0
lost	2817	0.846732	-40
lost	2816	0.84645	-40
lost	2815	0.846168	20
lost	2814	0.845886	-20
lost	2813	0.845604	-40
lost	2812	0.845322	40
lost	2811	0.84504	20
lost	2810	0.844759	0
lost	2809	0.844477	0
lost	2808	0.844195	20
lost	2807	0.843914	-40
lost	2806	0.843633	20
lost	2805	0.843352	40
lost	2804	0.84307	20
lost	2803	0.842789	60
lost	2802	0.842509	22
lost	2801	0.842228	20
lost	2800	0.841947	40
lost	2799	0.841666	20
lost	2798	0.841386	40
lost	2797	0.841105	-40
lost	2796	0.840825	-40
lost	2795	0.840545	-20
lost	2794	0.840264	0
lost	2793	0.839984	0
lost	2792	0.839704	80
lost	2791	0.839424	0
lost	2790	0.839145	-40
lost	2789	0.838865	40
lost	2788	0.838585	-20
lost	2787	0.838306	-38
lost	2786	0.838026	100
lost	2785	0.837747	40
lost	2784	0.837468	60
lost	2783	0.837189	20
lost	2782	0.83691	0
lost	2781	0.836631	122
lost	2780	0.836352	-20
lost	2779	0.836073	40
win	2778	0.835794	180
lost	2777	0.835516	-40
lost	2776	0.835237	40
lost	2775	0.834959	40
lost	2774	0.83468	120
lost	2773	0.834402	-38
lost	2772	0.834124	100
lost	2771	0.833846	20
lost	2770	0.833568	-20
win	2769	0.83329	162
lost	2768	0.833012	0
lost	2767	0.832735	102
lost	2766	0.832457	0
win	2765	0.83218	162
lost	2764	0.831902	-40
lost	2763	0.831625	20
lost	2762	0.831348	40
lost	2761	0.831071	40
lost	2760	0.830794	100
lost	2759	0.830517	40
lost	2758	0.83024	-20
lost	2757	0.829963	20
lost	2756	0.829686	-40
lost	2755	0.82941	-40
lost	2754	0.829133	-40
lost	2753	0.828857	0
lost	2752	0.828581	40
lost	2751	0.828305	120
lost	2750	0.828028	120
lost	2749	0.827752	140
lost	2748	0.827477	-40
lost	2747	0.827201	120
win	2746	0.826925	192
lost	2745	0.826649	-40
lost	2744	0.826374	-40
lost	2743	0.826098	2
lost	2742	0.825823	20
lost	2741	0.825548	20
lost	2740	0.825273	-20
lost	2739	0.824997	40
lost	2738	0.824722	-40
lost	2737	0.824448	100
win	2736	0.824173	180
lost	2735	0.823898	120
lost	2734	0.823623	100
lost	2733	0.823349	0
lost	2732	0.823074	40
lost	2731	0.8228	-40
lost	2730	0.822526	20
lost	2729	0.822252	80
lost	2728	0.821977	-40
lost	2727	0.821703	0
lost	2726	0.82143	82
lost	2725	0.821156	-40
lost	2724	0.820882	-40
lost	2723	0.820608	60
lost	2722	0.820335	-20
lost	2721	0.820061	60
lost	2720	0.819788	60
lost	2719	0.819515	-40
lost	2718	0.819242	0
lost	2717	0.818969	20
lost	2716	0.818696	20
lost	2715	0.818423	140
lost	2714	0.81815	20
lost	2713	0.817877	0
lost	2712	0.817605	0
lost	2711	0.817332	-40
lost	2710	0.81706	0
lost	2709	0.816787	0
win	2708	0.816515	198
lost	2707	0.816243	80
lost	2706	0.815971	-40
lost	2705	0.815699	120
lost	2704	0.815427	40
lost	2703	0.815155	140
lost	2702	0.814883	0
lost	2701	0.814612	0
lost	2700	0.81434	-40
lost	2699	0.814069	-20
lost	2698	0.813797	0
win	2697	0.813526	174
lost	2696	0.813255	40
lost	2695	0.812984	120
lost	2694	0.812713	80
lost	2693	0.812442	40
lost	2692	0.812171	20
lost	2691	0.8119	20
lost	2690	0.81163	0
lost	2689	0.811359	80
lost	2688	0.811089	60
lost	2687	0.810818	0
lost	2686	0.810548	-40
lost	2685	0.810278	40
lost	2684	0.810008	20
lost	2683	0.809738	140
lost	2682	0.809468	120
lost	2681	0.809198	-18
lost	2680	0.808928	20
lost	2679	0.808659	40
win	2678	0.808389	162
lost	2677	0.80812	-40
lost	2676	0.80785	0
lost	2675	0.807581	-20
lost	2674	0.807312	20
lost	2673	0.807043	40
lost	2672	0.806774	0
lost	2671	0.806505	-20
lost	2670	0.806236	20
lost	2669	0.805967	60
lost	2668	0.805699	-20
lost	2667	0.80543	20
lost	2666	0.805161	-20
lost	2665	0.804893	100
lost	2664	0.804625	-40
lost	2663	0.804357	-40
lost	2662	0.804088	0
lost	2661	0.80382	60
lost	2660	0.803553	60
win	2659	0.803285	180
lost	2658	0.803017	40
lost	2657	0.802749	-40
lost	2656	0.802482	20
lost	2655	0.802214	80
lost	2654	0.801947	-40
lost	2653	0.801679	-40
lost	2652	0.801412	80
lost	2651	0.801145	0
lost	2650	0.800878	-40
lost	2649	0.800611	-20
lost	2648	0.800344	20
lost	2647	0.800077	60
lost	2646	0.799811	0
lost	2645	0.799544	-20
lost	2644	0.799278	-40
lost	2643	0.799011	20
lost	2642	0.798745	60
lost	2641	0.798479	40
lost	2640	0.798212	102
lost	2639	0.797946	120
lost	2638	0.79768	40
win	2637	0.797414	142
lost	2636	0.797149	0
lost	2635	0.796883	40
lost	2634	0.796617	80
lost	2633	0.796352	100
lost	2632	0.796086	-40
lost	2631	0.795821	40
lost	2630	0.795556	0
lost	2629	0.795291	80
lost	2628	0.795025	120
lost	2627	0.79476	-40
lost	2626	0.794495	80
lost	2625	0.794231	-38
lost	2624	0.793966	40
lost	2623	0.793701	20
lost	2622	0.793437	20
lost	2621	0.793172	60
lost	2620	0.792908	-40
lost	2619	0.792644	0
lost	2618	0.792379	120
lost	2617	0.792115	0
lost	2616	0.791851	0
lost	2615	0.791587	-20
lost	2614	0.791323	60
lost	2613	0.79106	0
lost	2612	0.790796	20
lost	2611	0.790532	-40
lost	2610	0.790269	20
lost	2609	0.790005	0
lost	2608	0.789742	40
lost	2607	0.789479	40
lost	2606	0.789216	0
lost	2605	0.788953	60
lost	2604	0.78869	-40
lost	2603	0.788427	-38
lost	2602	0.788164	0
lost	2601	0.787901	-20
lost	2600	0.787638	0
lost	2599	0.787376	0
lost	2598	0.787113	80
lost	2597	0.786851	80
lost	2596	0.786589	-40
lost	2595	0.786327	0
lost	2594	0.786065	20
lost	2593	0.785802	-20
lost	2592	0.785541	20
lost	2591	0.785279	40
lost	2590	0.785017	0
lost	2589	0.784755	0
lost	2588	0.784494	-40
lost	2587	0.784232	-20
lost	2586	0.783971	-20
lost	2585	0.783709	-40
lost	2584	0.783448	-20
lost	2583	0.783187	-40
lost	2582	0.782926	80
lost	2581	0.782665	0
lost	2580	0.782404	120
lost	2579	0.782143	0
lost	2578	0.781883	40
lost	2577	0.781622	-20
lost	2576	0.781361	-40
lost	2575	0.781101	0
lost	2574	0.780841	40
lost	2573	0.78058	100
lost	2572	0.78032	-20
lost	2571	0.78006	60
lost	2570	0.7798	20
lost	2569	0.77954	40
lost	2568	0.77928	0
lost	2567	0.779021	0
lost	2566	0.778761	-40
lost	2565	0.778501	20
lost	2564	0.778242	0
lost	2563	0.777982	-20
lost	2562	0.777723	60
lost	2561	0.777464	40
lost	2560	0.777205	0
lost	2559	0.776946	0
lost	2558	0.776687	22
lost	2557	0.776428	120
lost	2556	0.776169	-40
lost	2555	0.77591	20
lost	2554	0.775651	-40
lost	2553	0.775393	40
lost	2552	0.775134	80
lost	2551	0.774876	0
lost	2550	0.774618	120
lost	2549	0.77436	120
lost	2548	0.774101	-40
lost	2547	0.773843	20
lost	2546	0.773586	40
lost	2545	0.773328	20
lost	2544	0.77307	0
lost	2543	0.772812	0
lost	2542	0.772555	60
win	2541	0.772297	186
lost	2540	0.77204	40
lost	2539	0.771782	-40
lost	2538	0.771525	60
lost	2537	0.771268	0
lost	2536	0.771011	0
lost	2535	0.770754	120
lost	2534	0.770497	-40
lost	2533	0.77024	0
lost	2532	0.769983	120
lost	2531	0.769727	20
lost	2530	0.76947	20
lost	2529	0.769214	20
lost	2528	0.768957	-40
lost	2527	0.768701	60
lost	2526	0.768445	80
lost	2525	0.768188	0
lost	2524	0.767932	120
lost	2523	0.767676	0
lost	2522	0.76742	0
lost	2521	0.767165	40
lost	2520	0.766909	-40
lost	2519	0.766653	80
lost	2518	0.766398	40
lost	2517	0.766142	62
lost	2516	0.765887	40
lost	2515	0.765632	20
lost	2514	0.765376	80
win	2513	0.765121	202
lost	2512	0.764866	40
lost	2511	0.764611	20
lost	2510	0.764356	0
lost	2509	0.764102	120
lost	2508	0.763847	40
lost	2507	0.763592	140
lost	2506	0.763338	-40
lost	2505	0.763083	40
lost	2504	0.762829	0
lost	2503	0.762575	0
lost	2502	0.762321	-40
lost	2501	0.762066	0
lost	2500	0.761812	120
lost	2499	0.761558	-40
lost	2498	0.761305	20
lost	2497	0.761051	120
lost	2496	0.760797	80
lost	2495	0.760544	0
lost	2494	0.76029	40
win	2493	0.760037	162
lost	2492	0.759783	140
lost	2491	0.75953	0
lost	2490	0.759277	20
lost	2489	0.759024	80
lost	2488	0.758771	40
lost	2487	0.758518	0
lost	2486	0.758265	40
lost	2485	0.758012	20
lost	2484	0.75776	60
lost	2483	0.757507	80
lost	2482	0.757254	40
lost	2481	0.757002	60
win	2480	0.75675	160
lost	2479	0.756497	40
lost	2478	0.756245	60
win	2477	0.755993	192
lost	2476	0.755741	80
lost	2475	0.755489	-20
lost	2474	0.755237	-20
lost	2473	0.754986	140
lost	2472	0.754734	20
lost	2471	0.754482	-40
lost	2470	0.754231	0
lost	2469	0.75398	68
lost	2468	0.753728	-20
lost	2467	0.753477	0
lost	2466	0.753226	40
lost	2465	0.752975	0
lost	2464	0.752724	0
lost	2463	0.752473	-40
lost	2462	0.752222	60
win	2461	0.751971	168
lost	2460	0.751721	120
lost	2459	0.75147	20
lost	2458	0.75122	0
lost	2457	0.750969	120
lost	2456	0.750719	0
lost	2455	0.750469	20
lost	2454	0.750218	20
lost	2453	0.749968	0
lost	2452	0.749718	0
lost	2451	0.749468	0
lost	2450	0.749219	-20
lost	2449	0.748969	-40
lost	2448	0.748719	40
lost	2447	0.74847	-40
lost	2446	0.74822	0
lost	2445	0.747971	-40
lost	2444	0.747721	80
lost	2443	0.747472	80
lost	2442	0.747223	-40
lost	2441	0.746974	40
lost	2440	0.746725	0
lost	2439	0.746476	-40
lost	2438	0.746227	120
lost	2437	0.745979	80
lost	2436	0.74573	20
lost	2435	0.745481	80
lost	2434	0.745233	40
win	2433	0.744984	186
lost	2432	0.744736	40
lost	2431	0.744488	60
win	2430	0.74424	162
lost	2429	0.743992	0
lost	2428	0.743744	20
lost	2427	0.743496	-20
lost	2426	0.743248	60
lost	2425	0.743	100
lost	2424	0.742752	-40
lost	2423	0.742505	20
lost	2422	0.742257	140
lost	2421	0.74201	0
lost	2420	0.741763	-40
lost	2419	0.741515	-20
lost	2418	0.741268	120
lost	2417	0.741021	20
lost	2416	0.740774	20
lost	2415	0.740527	60
lost	2414	0.74028	40
lost	2413	0.740034	20
lost	2412	0.739787	0
lost	2411	0.73954	80
lost	2410	0.739294	40
win	2409	0.739047	162
lost	2408	0.738801	100
lost	2407	0.738555	20
lost	2406	0.738308	40
lost	2405	0.738062	40
lost	2404	0.737816	20
lost	2403	0.73757	0
lost	2402	0.737325	80
lost	2401	0.737079	20
win	2400	0.736833	0
lost	2399	0.736587	-20
lost	2398	0.736342	82
lost	2397	0.736097	-40
lost	2396	0.735851	60
lost	2395	0.735606	20
lost	2394	0.735361	-40
lost	2393	0.735116	80
lost	2392	0.734871	120
lost	2391	0.734626	-40
lost	2390	0.734381	-40
lost	2389	0.734136	80
lost	2388	0.733891	0
lost	2387	0.733647	0
lost	2386	0.733402	40
win	2385	0.733158	180
lost	2384	0.732913	40
lost	2383	0.732669	0
lost	2382	0.732425	0
lost	2381	0.73218	-20
lost	2380	0.731936	0
lost	2379	0.731692	40
lost	2378	0.731449	20
lost	2377	0.731205	-20
lost	2376	0.730961	40
lost	2375	0.730717	20
lost	2374	0.730474	0
lost	2373	0.73023	-40
lost	2372	0.729987	0
win	2371	0.729744	180
lost	2370	0.7295	40
lost	2369	0.729257	20
lost	2368	0.729014	20
lost	2367	0.728771	40
lost	2366	0.728528	-20
lost	2365	0.728285	40
lost	2364	0.728042	-20
lost	2363	0.7278	20
lost	2362	0.727557	20
lost	2361	0.727315	-40
lost	2360	0.727072	120
lost	2359	0.72683	42
lost	2358	0.726588	-20
lost	2357	0.726345	-20
lost	2356	0.726103	80
lost	2355	0.725861	0
lost	2354	0.725619	-20
lost	2353	0.725377	-40
lost	2352	0.725136	20
lost	2351	0.724894	0
lost	2350	0.724652	-20
lost	2349	0.724411	40
lost	2348	0.724169	120
lost	2347	0.723928	0
lost	2346	0.723687	120
lost	2345	0.723445	40
lost	2344	0.723204	60
win	2343	0.722963	142
lost	2342	0.722722	42
lost	2341	0.722481	80
lost	2340	0.72224	0
lost	2339	0.722	-40
lost	2338	0.721759	140
lost	2337	0.721518	20
lost	2336	0.721278	0
lost	2335	0.721037	0
lost	2334	0.720797	20
lost	2333	0.720557	80
lost	2332	0.720317	20
lost	2331	0.720077	-40
lost	2330	0.719837	60
lost	2329	0.719597	100
lost	2328	0.719357	-40
lost	2327	0.719117	0
win	2326	0.718877	180
lost	2325	0.718638	-40
lost	2324	0.718398	-40
win	2323	0.718159	162
lost	2322	0.717919	-40
lost	2321	0.71768	-40
lost	2320	0.717441	20
win	2319	0.717202	160
lost	2318	0.716962	140
lost	2317	0.716724	40
win	2316	0.716485	168
lost	2315	0.716246	120
lost	2314	0.716007	100
lost	2313	0.715768	20
lost	2312	0.71553	-40
win	2311	0.715291	160
lost	2310	0.715053	40
lost	2309	0.714814	0
win	2308	0.714576	180
lost	2307	0.714338	120
lost	2306	0.7141	40
lost	2305	0.713862	40
lost	2304	0.713624	40
lost	2303	0.713386	0
win	2302	0.713148	0
lost	2301	0.712911	120
lost	2300	0.712673	120
win	2299	0.712435	168
lost	2298	0.712198	120
lost	2297	0.71196	80
lost	2296	0.711723	0
lost	2295	0.711486	80
lost	2294	0.711249	60
lost	2293	0.711012	0
lost	2292	0.710775	20
lost	2291	0.710538	120
lost	2290	0.710301	0
lost	2289	0.710064	100
lost	2288	0.709827	20
lost	2287	0.709591	80
lost	2286	0.709354	-40
lost	2285	0.709118	0
lost	2284	0.708881	40
lost	2283	0.708645	80
lost	2282	0.708409	0
lost	2281	0.708173	60
lost	2280	0.707937	-40
lost	2279	0.707701	0
lost	2278	0.707465	-20
lost	2277	0.707229	80
lost	2276	0.706993	20
lost	2275	0.706758	-20
lost	2274	0.706522	-40
lost	2273	0.706287	-40
lost	2272	0.706051	-40
lost	2271	0.705816	-20
lost	2270	0.70558	100
lost	2269	0.705345	0
lost	2268	0.70511	-20
lost	2267	0.704875	20
lost	2266	0.70464	80
lost	2265	0.704405	100
lost	2264	0.704171	20
lost	2263	0.703936	120
lost	2262	0.703701	120
lost	2261	0.703467	0
lost	2260	0.703232	80
lost	2259	0.702998	-40
lost	2258	0.702763	40
lost	2257	0.702529	140
lost	2256	0.702295	60
win	2255	0.702061	192
lost	2254	0.701827	80
lost	2253	0.701593	80
lost	2252	0.701359	20
lost	2251	0.701125	-18
lost	2250	0.700891	60
lost	2249	0.700658	-40
lost	2248	0.700424	-20
lost	2247	0.700191	60
lost	2246	0.699957	20
lost	2245	0.699724	20
lost	2244	0.699491	20
lost	2243	0.699258	40
lost	2242	0.699025	120
lost	2241	0.698792	0
lost	2240	0.698559	-20
lost	2239	0.698326	20
lost	2238	0.698093	20
lost	2237	0.69786	-40
lost	2236	0.697628	-40
lost	2235	0.697395	0
lost	2234	0.697163	20
lost	2233	0.69693	40
lost	2232	0.696698	22
lost	2231	0.696466	0
lost	2230	0.696234	20
lost	2229	0.696002	40
lost	2228	0.69577	80
lost	2227	0.695538	42
lost	2226	0.695306	0
lost	2225	0.695074	-40
win	2224	0.694842	174
lost	2223	0.694611	-18
lost	2222	0.694379	40
lost	2221	0.694148	22
lost	2220	0.693916	-40
lost	2219	0.693685	-20
lost	2218	0.693454	80
lost	2217	0.693223	0
lost	2216	0.692992	80
lost	2215	0.692761	-40
lost	2214	0.69253	-40
lost	2213	0.692299	-40
lost	2212	0.692068	2
lost	2211	0.691837	40
lost	2210	0.691607	40
lost	2209	0.691376	-20
lost	2208	0.691146	40
lost	2207	0.690915	20
lost	2206	0.690685	-40
lost	2205	0.690455	40
lost	2204	0.690225	-20
lost	2203	0.689995	100
lost	2202	0.689765	0
win	2201	0.689535	192
lost	2200	0.689305	-40
lost	2199	0.689075	80
lost	2198	0.688845	20
lost	2197	0.688616	140
lost	2196	0.688386	-40
lost	2195	0.688157	20
lost	2194	0.687927	0
lost	2193	0.687698	40
lost	2192	0.687469	-40
lost	2191	0.68724	-20
lost	2190	0.687011	0
lost	2189	0.686782	0
lost	2188	0.686553	140
win	2187	0.686324	162
lost	2186	0.686095	0
lost	2185	0.685866	0
win	2184	0.685638	168
lost	2183	0.685409	140
lost	2182	0.685181	40
lost	2181	0.684952	-40
lost	2180	0.684724	20
lost	2179	0.684496	80
lost	2178	0.684268	20
lost	2177	0.68404	0
lost	2176	0.683812	-20
lost	2175	0.683584	0
lost	2174	0.683356	-20
lost	2173	0.683128	120
lost	2172	0.6829	80
lost	2171	0.682673	20
lost	2170	0.682445	40
lost	2169	0.682218	-20
lost	2168	0.68199	80
lost	2167	0.681763	48
lost	2166	0.681536	0
lost	2165	0.681308	40
lost	2164	0.681081	60
lost	2163	0.680854	-40
lost	2162	0.680627	20
lost	2161	0.6804	100
lost	2160	0.680174	-40
lost	2159	0.679947	60
lost	2158	0.67972	20
lost	2157	0.679494	100
lost	2156	0.679267	20
lost	2155	0.679041	40
win	2154	0.678814	180
win	2153	0.678588	186
lost	2152	0.678362	0
lost	2151	0.678136	62
lost	2150	0.67791	0
lost	2149	0.677684	0
lost	2148	0.677458	40
lost	2147	0.677232	-40
win	2146	0.677006	162
lost	2145	0.676781	-20
win	2144	0.676555	192
lost	2143	0.67633	120
lost	2142	0.676104	100
lost	2141	0.675879	40
lost	2140	0.675653	40
lost	2139	0.675428	80
lost	2138	0.675203	20
lost	2137	0.674978	62
win	2136	0.674753	180
lost	2135	0.674528	0
lost	2134	0.674303	0
lost	2133	0.674079	80
lost	2132	0.673854	80
lost	2131	0.673629	40
win	2130	0.673405	168
lost	2129	0.67318	40
lost	2128	0.672956	60
lost	2127	0.672731	-40
win	2126	0.672507	168
lost	2125	0.672283	122
lost	2124	0.672059	80
lost	2123	0.671835	60
lost	2122	0.671611	20
lost	2121	0.671387	80
lost	2120	0.671163	-40
lost	2119	0.67094	140
lost	2118	0.670716	40
lost	2117	0.670492	-20
lost	2116	0.670269	-20
lost	2115	0.670045	62
lost	2114	0.669822	140
lost	2113	0.669599	62
lost	2112	0.669376	-40
lost	2111	0.669153	60
lost	2110	0.668929	-40
lost	2109	0.668707	40
lost	2108	0.668484	0
lost	2107	0.668261	20
win	2106	0.668038	186
lost	2105	0.667815	-20
lost	2104	0.667593	20
lost	2103	0.66737	80
lost	2102	0.667148	-40
lost	2101	0.666925	-40
lost	2100	0.666703	120
lost	2099	0.666481	20
lost	2098	0.666259	-20
lost	2097	0.666037	120
lost	2096	0.665815	-40
lost	2095	0.665593	80
lost	2094	0.665371	140
lost	2093	0.665149	-20
lost	2092	0.664927	-20
lost	2091	0.664706	40
win	2090	0.664484	160
lost	2089	0.664263	20
lost	2088	0.664041	100
lost	2087	0.66382	0
lost	2086	0.663599	-40
lost	2085	0.663377	80
lost	2084	0.663156	120
lost	2083	0.662935	20
lost	2082	0.662714	40
lost	2081	0.662493	20
lost	2080	0.662272	-40
lost	2079	0.662052	-40
lost	2078	0.661831	-40
lost	2077	0.66161	40
lost	2076	0.66139	20
win	2075	0.661169	168
lost	2074	0.660949	40
lost	2073	0.660729	20
lost	2072	0.660508	-40
lost	2071	0.660288	60
lost	2070	0.660068	-20
lost	2069	0.659848	20
lost	2068	0.659628	40
lost	2067	0.659408	-20
lost	2066	0.659188	40
lost	2065	0.658969	40
lost	2064	0.658749	120
lost	2063	0.65853	20
lost	2062	0.65831	0
win	2061	0.658091	180
lost	2060	0.657871	0
win	2059	0.657652	174
lost	2058	0.657433	80
lost	2057	0.657214	40
lost	2056	0.656994	-40
lost	2055	0.656775	20
lost	2054	0.656557	140
lost	2053	0.656338	20
lost	2052	0.656119	80
win	2051	0.6559	162
lost	2050	0.655682	0
lost	2049	0.655463	-20
lost	2048	0.655245	-40
lost	2047	0.655026	60
lost	2046	0.654808	0
lost	2045	0.65459	0
lost	2044	0.654371	120
lost	2043	0.654153	0
lost	2042	0.653935	-20
lost	2041	0.653717	20
lost	2040	0.653499	120
win	2039	0.653281	174
lost	2038	0.653064	20
lost	2037	0.652846	120
lost	2036	0.652628	40
lost	2035	0.652411	0
lost	2034	0.652193	-40
lost	2033	0.651976	60
lost	2032	0.651759	0
lost	2031	0.651541	-20
lost	2030	0.651324	62
lost	2029	0.651107	100
lost	2028	0.65089	-20
lost	2027	0.650673	102
lost	2026	0.650456	20
lost	2025	0.650239	-20
lost	2024	0.650023	-20
lost	2023	0.649806	120
lost	2022	0.649589	100
lost	2021	0.649373	100
lost	2020	0.649156	-20
lost	2019	0.64894	80
lost	2018	0.648724	60
lost	2017	0.648507	0
lost	2016	0.648291	-40
lost	2015	0.648075	60
lost	2014	0.647859	80
lost	2013	0.647643	80
lost	2012	0.647427	0
lost	2011	0.647212	80
lost	2010	0.646996	20
win	2009	0.64678	204
lost	2008	0.646565	20
lost	2007	0.646349	0
lost	2006	0.646134	-20
win	2005	0.645918	192
lost	2004	0.645703	0
win	2003	0.645488	174
lost	2002	0.645272	-20
lost	2001	0.645057	-20
win	2000	0.644842	168
lost	1999	0.644627	100
win	1998	0.644413	160
lost	1997	0.644198	42
lost	1996	0.643983	40
lost	1995	0.643768	0
lost	1994	0.643554	20
lost	1993	0.643339	-40
lost	1992	0.643125	40
lost	1991	0.64291	20
win	1990	0.642696	142
lost	1989	0.642482	-40
lost	1988	0.642268	20
lost	1987	0.642054	20
lost	1986	0.64184	40
lost	1985	0.641626	20
lost	1984	0.641412	-20
lost	1983	0.641198	0
lost	1982	0.640984	0
win	1981	0.640771	180
lost	1980	0.640557	20
lost	1979	0.640343	20
lost	1978	0.64013	20
lost	1977	0.639917	20
lost	1976	0.639703	-20
lost	1975	0.63949	40
lost	1974	0.639277	-20
lost	1973	0.639064	-20
lost	1972	0.638851	120
lost	1971	0.638638	60
lost	1970	0.638425	-40
lost	1969	0.638212	60
lost	1968	0.637999	40
win	1967	0.637787	198
lost	1966	0.637574	20
win	1965	0.637362	192
lost	1964	0.637149	0
lost	1963	0.636937	0
lost	1962	0.636725	100
lost	1961	0.636512	0
lost	1960	0.6363	40
lost	1959	0.636088	60
lost	1958	0.635876	0
lost	1957	0.635664	-40
lost	1956	0.635452	40
lost	1955	0.63524	20
lost	1954	0.635029	100
win	1953	0.634817	162
lost	1952	0.634605	0
lost	1951	0.634394	40
lost	1950	0.634182	100
lost	1949	0.633971	40
lost	1948	0.63376	40
win	1947	0.633548	162
lost	1946	0.633337	140
lost	1945	0.633126	-40
lost	1944	0.632915	60
lost	1943	0.632704	40
lost	1942	0.632493	60
lost	1941	0.632282	20
win	1940	0.632072	174
lost	1939	0.631861	-40
lost	1938	0.63165	40
lost	1937	0.63144	2
lost	1936	0.631229	-40
lost	1935	0.631019	60
lost	1934	0.630808	-40
lost	1933	0.630598	100
lost	1932	0.630388	0
lost	1931	0.630178	140
win	1930	0.629968	168
lost	1929	0.629758	100
lost	1928	0.629548	20
lost	1927	0.629338	0
lost	1926	0.629128	80
lost	1925	0.628919	0
lost	1924	0.628709	80
lost	1923	0.628499	82
lost	1922	0.62829	60
lost	1921	0.62808	-20
lost	1920	0.627871	-40
lost	1919	0.627662	-20
lost	1918	0.627453	0
lost	1917	0.627243	0
lost	1916	0.627034	40
lost	1915	0.626825	100
lost	1914	0.626616	40
lost	1913	0.626407	60
lost	1912	0.626199	0
lost	1911	0.62599	-40
lost	1910	0.625781	80
win	1909	0.625573	162
lost	1908	0.625364	0
lost	1907	0.625156	40
win	1906	0.624947	174
lost	1905	0.624739	-40
lost	1904	0.624531	40
lost	1903	0.624323	40
lost	1902	0.624114	-40
lost	1901	0.623906	20
win	1900	0.623698	174
lost	1899	0.623491	-40
lost	1898	0.623283	60
lost	1897	0.623075	40
lost	1896	0.622867	20
lost	1895	0.62266	-40
lost	1894	0.622452	120
lost	1893	0.622245	100
lost	1892	0.622037	100
lost	1891	0.62183	-40
lost	1890	0.621623	40
lost	1889	0.621415	-40
lost	1888	0.621208	120
lost	1887	0.621001	0
lost	1886	0.620794	0
lost	1885	0.620587	80
lost	1884	0.62038	-20
lost	1883	0.620174	-20
lost	1882	0.619967	60
lost	1881	0.61976	82
win	1880	0.619554	180
win	1879	0.619347	174
lost	1878	0.619141	100
lost	1877	0.618934	20
win	1876	0.618728	160
lost	1875	0.618522	-40
lost	1874	0.618316	-20
lost	1873	0.618109	20
lost	1872	0.617903	0
lost	1871	0.617697	40
win	1870	0.617492	162
lost	1869	0.617286	20
lost	1868	0.61708	60
lost	1867	0.616874	80
lost	1866	0.616669	0
lost	1865	0.616463	-40
win	1864	0.616258	210
lost	1863	0.616052	-40
lost	1862	0.615847	140
lost	1861	0.615641	120
lost	1860	0.615436	60
lost	1859	0.615231	0
win	1858	0.615026	180
lost	1857	0.614821	-20
lost	1856	0.614616	0
lost	1855	0.614411	0
lost	1854	0.614206	0
lost	1853	0.614002	20
lost	1852	0.613797	20
lost	1851	0.613592	100
lost	1850	0.613388	20
lost	1849	0.613183	60
lost	1848	0.612979	0
lost	1847	0.612775	-20
win	1846	0.61257	174
lost	1845	0.612366	80
lost	1844	0.612162	-40
lost	1843	0.611958	20
lost	1842	0.611754	0
lost	1841	0.61155	20
win	1840	0.611346	180
lost	1839	0.611143	40
win	1838	0.610939	186
lost	1837	0.610735	40
lost	1836	0.610532	0
lost	1835	0.610328	20
lost	1834	0.610125	82
lost	1833	0.609921	-40
lost	1832	0.609718	60
lost	1831	0.609515	60
lost	1830	0.609312	100
win	1829	0.609108	180
lost	1828	0.608905	20
lost	1827	0.608702	20
win	1826	0.6085	162
lost	1825	0.608297	0
win	1824	0.608094	192
lost	1823	0.607891	100
lost	1822	0.607689	0
lost	1821	0.607486	20
lost	1820	0.607284	0
lost	1819	0.607081	60
lost	1818	0.606879	0
win	1817	0.606676	204
win	1816	0.606474	168
lost	1815	0.606272	-20
lost	1814	0.60607	-20
lost	1813	0.605868	60
lost	1812	0.605666	120
lost	1811	0.605464	80
lost	1810	0.605262	0
lost	1809	0.605061	40
lost	1808	0.604859	-20
lost	1807	0.604657	20
lost	1806	0.604456	40
win	1805	0.604254	162
lost	1804	0.604053	140
lost	1803	0.603851	0
lost	1802	0.60365	100
lost	1801	0.603449	120
lost	1800	0.603248	-40
win	1799	0.603047	204
lost	1798	0.602846	-40
lost	1797	0.602645	20
lost	1796	0.602444	0
lost	1795	0.602243	62
lost	1794	0.602042	-20
lost	1793	0.601842	20
lost	1792	0.601641	62
lost	1791	0.60144	20
win	1790	0.60124	162
lost	1789	0.60104	0
lost	1788	0.600839	100
win	1787	0.600639	180
lost	1786	0.600439	0
lost	1785	0.600239	40
lost	1784	0.600039	-20
win	1783	0.599839	180
win	1782	0.599639	148
lost	1781	0.599439	20
win	1780	0.599239	168
lost	1779	0.599039	0
win	1778	0.598839	168
lost	1777	0.59864	40
lost	1776	0.59844	40
lost	1775	0.598241	80
lost	1774	0.598041	100
lost	1773	0.597842	-40
lost	1772	0.597643	0
lost	1771	0.597444	0
lost	1770	0.597244	20
lost	1769	0.597045	-40
lost	1768	0.596846	-40
lost	1767	0.596647	20
lost	1766	0.596448	40
lost	1765	0.59625	40
lost	1764	0.596051	40
lost	1763	0.595852	100
win	1762	0.595654	162
lost	1761	0.595455	20
lost	1760	0.595257	20
win	1759	0.595058	162
lost	1758	0.59486	0
lost	1757	0.594662	-40
lost	1756	0.594463	-40
win	1755	0.594265	174
lost	1754	0.594067	100
lost	1753	0.593869	20
lost	1752	0.593671	80
win	1751	0.593473	162
lost	1750	0.593275	80
lost	1749	0.593078	-40
lost	1748	0.59288	80
lost	1747	0.592682	40
lost	1746	0.592485	80
lost	1745	0.592287	0
win	1744	0.59209	192
lost	1743	0.591892	0
win	1742	0.591695	186
lost	1741	0.591498	-20
win	1740	0.591301	192
lost	1739	0.591104	20
win	1738	0.590907	162
lost	1737	0.59071	-20
lost	1736	0.590513	40
lost	1735	0.590316	40
win	1734	0.590119	168
lost	1733	0.589922	80
lost	1732	0.589726	120
lost	1731	0.589529	20
lost	1730	0.589333	0
lost	1729	0.589136	80
lost	1728	0.58894	40
lost	1727	0.588744	-20
win	1726	0.588547	198
lost	1725	0.588351	-18
lost	1724	0.588155	-40
lost	1723	0.587959	120
win	1722	0.587763	168
win	1721	0.587567	198
win	1720	0.587371	198
lost	1719	0.587175	80
lost	1718	0.58698	40
lost	1717	0.586784	120
lost	1716	0.586588	-20
win	1715	0.586393	162
win	1714	0.586197	168
lost	1713	0.586002	40
lost	1712	0.585807	40
lost	1711	0.585611	0
lost	1710	0.585416	0
win	1709	0.585221	0
lost	1708	0.585026	20
lost	1707	0.584831	100
lost	1706	0.584636	20
lost	1705	0.584441	60
lost	1704	0.584246	-40
lost	1703	0.584052	80
lost	1702	0.583857	-40
lost	1701	0.583662	-40
lost	1700	0.583468	40
win	1699	0.583273	192
lost	1698	0.583079	40
lost	1697	0.582884	-40
lost	1696	0.58269	40
lost	1695	0.582496	20
lost	1694	0.582302	0
lost	1693	0.582108	120
win	1692	0.581914	174
lost	1691	0.58172	0
lost	1690	0.581526	120
lost	1689	0.581332	0
lost	1688	0.581138	0
lost	1687	0.580944	20
lost	1686	0.580751	60
lost	1685	0.580557	-40
lost	1684	0.580364	20
win	1683	0.58017	168
lost	1682	0.579977	40
lost	1681	0.579784	-20
lost	1680	0.57959	140
lost	1679	0.579397	80
lost	1678	0.579204	80
win	1677	0.579011	186
lost	1676	0.578818	80
lost	1675	0.578625	60
lost	1674	0.578432	60
lost	1673	0.578239	80
lost	1672	0.578046	20
lost	1671	0.577854	40
lost	1670	0.577661	0
win	1669	0.577469	180
lost	1668	0.577276	20
lost	1667	0.577084	40
lost	1666	0.576891	0
lost	1665	0.576699	20
lost	1664	0.576507	0
lost	1663	0.576315	60
lost	1662	0.576123	-20
lost	1661	0.575931	120
lost	1660	0.575739	40
lost	1659	0.575547	120
lost	1658	0.575355	-20
lost	1657	0.575163	0
lost	1656	0.574971	20
lost	1655	0.57478	0
lost	1654	0.574588	120
lost	1653	0.574396	140
lost	1652	0.574205	140
lost	1651	0.574014	40
lost	1650	0.573822	60
lost	1649	0.573631	80
lost	1648	0.57344	-40
lost	1647	0.573249	100
lost	1646	0.573058	0
lost	1645	0.572867	-40
win	1644	0.572676	174
lost	1643	0.572485	-20
lost	1642	0.572294	0
lost	1641	0.572103	60
win	1640	0.571912	162
lost	1639	0.571722	20
lost	1638	0.571531	120
lost	1637	0.571341	60
lost	1636	0.57115	0
lost	1635	0.57096	60
lost	1634	0.57077	120
lost	1633	0.570579	100
lost	1632	0.570389	40
lost	1631	0.570199	20
lost	1630	0.570009	40
lost	1629	0.569819	-20
lost	1628	0.569629	-20
lost	1627	0.569439	40
lost	1626	0.569249	100
lost	1625	0.56906	40
win	1624	0.56887	162
win	1623	0.56868	180
lost	1622	0.568491	20
lost	1621	0.568301	120
lost	1620	0.568112	-40
win	1619	0.567922	162
lost	1618	0.567733	120
win	1617	0.567544	174
lost	1616	0.567355	0
lost	1615	0.567165	20
lost	1614	0.566976	20
lost	1613	0.566787	0
lost	1612	0.566599	60
lost	1611	0.56641	40
lost	1610	0.566221	0
win	1609	0.566032	174
lost	1608	0.565843	-40
lost	1607	0.565655	40
lost	1606	0.565466	0
lost	1605	0.565278	0
lost	1604	0.565089	60
lost	1603	0.564901	-20
lost	1602	0.564713	-20
lost	1601	0.564524	0
win	1600	0.564336	160
lost	1599	0.564148	120
lost	1598	0.56396	60
lost	1597	0.563772	20
lost	1596	0.563584	20
win	1595	0.563396	180
win	1594	0.563209	160
lost	1593	0.563021	40
lost	1592	0.562833	40
lost	1591	0.562646	-40
lost	1590	0.562458	40
lost	1589	0.56227	80
lost	1588	0.562083	80
lost	1587	0.561896	0
lost	1586	0.561708	-40
lost	1585	0.561521	0
win	1584	0.561334	186
lost	1583	0.561147	0
lost	1582	0.56096	0
lost	1581	0.560773	0
lost	1580	0.560586	40
lost	1579	0.560399	0
lost	1578	0.560212	80
lost	1577	0.560026	0
lost	1576	0.559839	80
lost	1575	0.559652	100
lost	1574	0.559466	100
win	1573	0.559279	174
lost	1572	0.559093	80
win	1571	0.558906	160
lost	1570	0.55872	0
lost	1569	0.558534	40
lost	1568	0.558348	40
win	1567	0.558162	174
lost	1566	0.557976	140
win	1565	0.55779	180
lost	1564	0.557604	40
win	1563	0.557418	168
lost	1562	0.557232	-20
lost	1561	0.557046	40
lost	1560	0.55686	60
lost	1559	0.556675	60
lost	1558	0.556489	80
lost	1557	0.556304	100
lost	1556	0.556118	0
lost	1555	0.555933	20
lost	1554	0.555748	60
lost	1553	0.555562	0
lost	1552	0.555377	120
lost	1551	0.555192	40
lost	1550	0.555007	40
lost	1549	0.554822	0
win	1548	0.554637	162
lost	1547	0.554452	20
win	1546	0.554267	186
lost	1545	0.554083	40
win	1544	0.553898	192
lost	1543	0.553713	40
lost	1542	0.553529	0
lost	1541	0.553344	40
win	1540	0.55316	210
win	1539	0.552975	162
lost	1538	0.552791	0
lost	1537	0.552607	0
lost	1536	0.552423	60
lost	1535	0.552239	-20
win	1534	0.552054	168
lost	1533	0.55187	-40
win	1532	0.551686	162
lost	1531	0.551503	-20
lost	1530	0.551319	-20
lost	1529	0.551135	0
lost	1528	0.550951	0
lost	1527	0.550768	40
lost	1526	0.550584	40
win	1525	0.5504	192
lost	1524	0.550217	40
lost	1523	0.550034	80
win	1522	0.54985	160
win	1521	0.549667	192
lost	1520	0.549484	0
win	1519	0.549301	174
lost	1518	0.549117	-20
lost	1517	0.548934	80
lost	1516	0.548751	20
lost	1515	0.548569	-40
lost	1514	0.548386	140
win	1513	0.548203	174
lost	1512	0.54802	20
lost	1511	0.547837	0
lost	1510	0.547655	60
lost	1509	0.547472	80
lost	1508	0.54729	0
lost	1507	0.547107	-20
lost	1506	0.546925	100
lost	1505	0.546743	0
win	1504	0.54656	192
lost	1503	0.546378	40
lost	1502	0.546196	40
lost	1501	0.546014	20
lost	1500	0.545832	42
lost	1499	0.54565	82
lost	1498	0.545468	0
lost	1497	0.545286	0
lost	1496	0.545105	20
lost	1495	0.544923	80
lost	1494	0.544741	20
lost	1493	0.54456	60
lost	1492	0.544378	0
win	1491	0.544197	172
lost	1490	0.544015	120
win	1489	0.543834	0
lost	1488	0.543653	60
lost	1487	0.543472	20
lost	1486	0.54329	0
lost	1485	0.543109	40
lost	1484	0.542928	0
lost	1483	0.542747	0
lost	1482	0.542566	0
lost	1481	0.542386	80
lost	1480	0.542205	-40
lost	1479	0.542024	40
win	1478	0.541843	210
win	1477	0.541663	174
lost	1476	0.541482	0
lost	1475	0.541302	60
lost	1474	0.541121	60
lost	1473	0.540941	20
lost	1472	0.540761	60
lost	1471	0.54058	-20
lost	1470	0.5404	0
lost	1469	0.54022	40
lost	1468	0.54004	-20
lost	1467	0.53986	0
lost	1466	0.53968	40
win	1465	0.5395	186
win	1464	0.53932	174
lost	1463	0.53914	120
lost	1462	0.538961	140
lost	1461	0.538781	-40
lost	1460	0.538601	60
win	1459	0.538422	162
lost	1458	0.538242	0
win	1457	0.538063	186
lost	1456	0.537884	140
lost	1455	0.537704	-40
lost	1454	0.537525	120
win	1453	0.537346	204
lost	1452	0.537167	60
lost	1451	0.536988	-20
lost	1450	0.536809	0
lost	1449	0.53663	100
lost	1448	0.536451	20
lost	1447	0.536272	120
lost	1446	0.536093	62
win	1445	0.535915	186
lost	1444	0.535736	40
lost	1443	0.535557	-40
lost	1442	0.535379	120
lost	1441	0.535201	100
lost	1440	0.535022	100
lost	1439	0.534844	-20
lost	1438	0.534665	40
lost	1437	0.534487	120
win	1436	0.534309	198
lost	1435	0.534131	2
lost	1434	0.533953	40
win	1433	0.533775	162
lost	1432	0.533597	40
lost	1431	0.533419	0
win	1430	0.533241	204
lost	1429	0.533064	0
win	1428	0.532886	174
win	1427	0.532708	168
lost	1426	0.532531	120
win	1425	0.532353	216
lost	1424	0.532176	-40
win	1423	0.531998	186
lost	1422	0.531821	40
lost	1421	0.531644	0
lost	1420	0.531467	60
lost	1419	0.531289	40
lost	1418	0.531112	100
lost	1417	0.530935	0
lost	1416	0.530758	20
lost	1415	0.530581	20
lost	1414	0.530405	140
lost	1413	0.530228	80
lost	1412	0.530051	0
lost	1411	0.529874	82
lost	1410	0.529698	100
lost	1409	0.529521	20
lost	1408	0.529345	-40
lost	1407	0.529168	80
lost	1406	0.528992	20
win	1405	0.528815	168
lost	1404	0.528639	80
lost	1403	0.528463	-40
lost	1402	0.528287	40
lost	1401	0.528111	0
lost	1400	0.527935	-20
win	1399	0.527759	198
lost	1398	0.527583	60
lost	1397	0.527407	120
lost	1396	0.527231	120
lost	1395	0.527055	40
lost	1394	0.52688	100
lost	1393	0.526704	20
win	1392	0.526528	142
lost	1391	0.526353	0
lost	1390	0.526178	60
lost	1389	0.526002	140
lost	1388	0.525827	0
lost	1387	0.525652	120
lost	1386	0.525476	20
lost	1385	0.525301	120
lost	1384	0.525126	120
lost	1383	0.524951	-40
lost	1382	0.524776	60
lost	1381	0.524601	0
win	1380	0.524426	174
win	1379	0.524251	186
lost	1378	0.524077	0
win	1377	0.523902	174
lost	1376	0.523727	20
lost	1375	0.523553	120
lost	1374	0.523378	0
lost	1373	0.523204	120
lost	1372	0.523029	0
lost	1371	0.522855	120
lost	1370	0.522681	140
lost	1369	0.522507	80
lost	1368	0.522332	120
lost	1367	0.522158	60
lost	1366	0.521984	80
lost	1365	0.52181	60
lost	1364	0.521636	60
lost	1363	0.521462	60
win	1362	0.521289	162
win	1361	0.521115	192
win	1360	0.520941	160
win	1359	0.520767	148
lost	1358	0.520594	120
win	1357	0.52042	168
lost	1356	0.520247	40
win	1355	0.520073	192
lost	1354	0.5199	140
lost	1353	0.519727	-20
lost	1352	0.519554	40
lost	1351	0.51938	40
lost	1350	0.519207	40
lost	1349	0.519034	20
lost	1348	0.518861	-40
lost	1347	0.518688	20
lost	1346	0.518515	40
win	1345	0.518342	192
lost	1344	0.51817	100
lost	1343	0.517997	40
lost	1342	0.517824	60
lost	1341	0.517652	0
lost	1340	0.517479	120
lost	1339	0.517307	-40
lost	1338	0.517134	8
lost	1337	0.516962	0
lost	1336	0.516789	40
win	1335	0.516617	174
lost	1334	0.516445	80
lost	1333	0.516273	-40
lost	1332	0.516101	0
lost	1331	0.515929	100
lost	1330	0.515757	-20
lost	1329	0.515585	100
lost	1328	0.515413	0
lost	1327	0.515241	-40
win	1326	0.515069	168
lost	1325	0.514898	40
lost	1324	0.514726	20
lost	1323	0.514555	-20
win	1322	0.514383	180
lost	1321	0.514212	20
lost	1320	0.51404	-20
lost	1319	0.513869	20
lost	1318	0.513698	40
lost	1317	0.513526	60
win	1316	0.513355	216
lost	1315	0.513184	60
lost	1314	0.513013	40
lost	1313	0.512842	40
lost	1312	0.512671	80
lost	1311	0.5125	60
lost	1310	0.512329	20
lost	1309	0.512158	60
lost	1308	0.511988	40
lost	1307	0.511817	0
win	1306	0.511647	168
lost	1305	0.511476	20
lost	1304	0.511305	82
win	1303	0.511135	210
win	1302	0.510965	198
lost	1301	0.510794	80
lost	1300	0.510624	-20
lost	1299	0.510454	0
win	1298	0.510284	186
win	1297	0.510114	186
win	1296	0.509944	180
lost	1295	0.509774	20
lost	1294	0.509604	80
lost	1293	0.509434	0
lost	1292	0.509264	40
lost	1291	0.509094	0
lost	1290	0.508925	0
lost	1289	0.508755	-20
lost	1288	0.508585	100
win	1287	0.508416	168
win	1286	0.508246	162
lost	1285	0.508077	80
lost	1284	0.507908	20
lost	1283	0.507738	0
win	1282	0.507569	186
win	1281	0.5074	162
lost	1280	0.507231	40
win	1279	0.507062	186
lost	1278	0.506893	80
lost	1277	0.506724	0
lost	1276	0.506555	80
lost	1275	0.506386	-20
lost	1274	0.506217	20
lost	1273	0.506048	60
lost	1272	0.50588	0
lost	1271	0.505711	0
lost	1270	0.505542	60
win	1269	0.505374	168
win	1268	0.505205	160
lost	1267	0.505037	0
lost	1266	0.504869	0
lost	1265	0.5047	-20
win	1264	0.504532	210
win	1263	0.504364	160
lost	1262	0.504196	20
lost	1261	0.504028	0
win	1260	0.50386	168
win	1259	0.503692	168
win	1258	0.503524	162
win	1257	0.503356	174
win	1256	0.503188	174
lost	1255	0.503021	22
win	1254	0.502853	174
lost	1253	0.502685	20
lost	1252	0.502518	0
lost	1251	0.50235	40
lost	1250	0.502183	40
lost	1249	0.502015	120
lost	1248	0.501848	-40
win	1247	0.501681	186
win	1246	0.501514	180
lost	1245	0.501346	0
lost	1244	0.501179	-20
win	1243	0.501012	160
lost	1242	0.500845	120
lost	1241	0.500678	0
win	1240	0.500511	174
lost	1239	0.500345	-20
lost	1238	0.500178	140
lost	1237	0.500011	120
lost	1236	0.499844	80
lost	1235	0.499678	80
win	1234	0.499511	162
lost	1233	0.499345	20
lost	1232	0.499178	40
lost	1231	0.499012	100
lost	1230	0.498845	40
lost	1229	0.498679	60
lost	1228	0.498513	40
lost	1227	0.498347	40
win	1226	0.498181	168
lost	1225	0.498015	20
lost	1224	0.497849	0
win	1223	0.497683	174
lost	1222	0.497517	-20
lost	1221	0.497351	22
lost	1220	0.497185	100
lost	1219	0.497019	102
lost	1218	0.496854	80
lost	1217	0.496688	0
lost	1216	0.496523	0
lost	1215	0.496357	80
lost	1214	0.496192	0
lost	1213	0.496026	20
lost	1212	0.495861	0
lost	1211	0.495696	20
win	1210	0.49553	198
lost	1209	0.495365	-40
lost	1208	0.4952	20
lost	1207	0.495035	0
win	1206	0.49487	186
lost	1205	0.494705	0
lost	1204	0.49454	20
lost	1203	0.494375	0
lost	1202	0.49421	-60
win	1201	0.494046	186
lost	1200	0.493881	-40
lost	1199	0.493716	20
win	1198	0.493552	180
lost	1197	0.493387	20
win	1196	0.493223	192
lost	1195	0.493058	40
lost	1194	0.492894	40
lost	1193	0.49273	-40
lost	1192	0.492566	62
lost	1191	0.492401	40
lost	1190	0.492237	-40
lost	1189	0.492073	40
lost	1188	0.491909	80
win	1187	0.491745	168
lost	1186	0.491581	40
lost	1185	0.491417	0
lost	1184	0.491254	-40
lost	1183	0.49109	120
lost	1182	0.490926	-20
lost	1181	0.490763	80
lost	1180	0.490599	120
lost	1179	0.490435	60
lost	1178	0.490272	20
lost	1177	0.490109	20
lost	1176	0.489945	-40
lost	1175	0.489782	0
lost	1174	0.489619	80
lost	1173	0.489455	22
lost	1172	0.489292	60
lost	1171	0.489129	40
lost	1170	0.488966	22
lost	1169	0.488803	20
lost	1168	0.48864	20
lost	1167	0.488477	40
win	1166	0.488314	174
lost	1165	0.488152	40
win	1164	0.487989	168
lost	1163	0.487826	0
lost	1162	0.487664	-20
lost	1161	0.487501	120
lost	1160	0.487339	80
lost	1159	0.487176	-20
lost	1158	0.487014	80
lost	1157	0.486851	120
lost	1156	0.486689	100
lost	1155	0.486527	40
lost	1154	0.486365	60
win	1153	0.486203	0
lost	1152	0.486041	40
lost	1151	0.485879	40
lost	1150	0.485717	100
win	1149	0.485555	0
lost	1148	0.485393	0
win	1147	0.485231	174
lost	1146	0.485069	40
win	1145	0.484908	186
win	1144	0.484746	168
lost	1143	0.484584	40
lost	1142	0.484423	40
lost	1141	0.484261	40
lost	1140	0.4841	0
lost	1139	0.483939	20
lost	1138	0.483777	60
lost	1137	0.483616	120
lost	1136	0.483455	0
lost	1135	0.483294	0
lost	1134	0.483133	0
lost	1133	0.482972	60
lost	1132	0.482811	100
win	1131	0.48265	198
lost	1130	0.482489	40
win	1129	0.482328	192
lost	1128	0.482167	40
lost	1127	0.482006	0
lost	1126	0.481846	40
lost	1125	0.481685	-40
win	1124	0.481525	198
lost	1123	0.481364	40
lost	1122	0.481204	80
lost	1121	0.481043	60
lost	1120	0.480883	-20
lost	1119	0.480723	0
win	1118	0.480562	0
lost	1117	0.480402	100
win	1116	0.480242	162
lost	1115	0.480082	20
lost	1114	0.479922	-40
lost	1113	0.479762	40
win	1112	0.479602	174
lost	1111	0.479442	40
lost	1110	0.479282	0
lost	1109	0.479123	40
lost	1108	0.478963	120
lost	1107	0.478803	80
win	1106	0.478644	180
lost	1105	0.478484	20
lost	1104	0.478325	80
lost	1103	0.478165	0
win	1102	0.478006	162
lost	1101	0.477846	-20
lost	1100	0.477687	0
lost	1099	0.477528	100
lost	1098	0.477369	-20
lost	1097	0.47721	20
lost	1096	0.47705	40
lost	1095	0.476891	60
win	1094	0.476732	174
lost	1093	0.476574	20
lost	1092	0.476415	40
win	1091	0.476256	198
lost	1090	0.476097	20
lost	1089	0.475938	80
win	1088	0.47578	204
lost	1087	0.475621	20
win	1086	0.475463	160
lost	1085	0.475304	100
lost	1084	0.475146	0
lost	1083	0.474987	60
win	1082	0.474829	186
win	1081	0.474671	174
win	1080	0.474513	168
lost	1079	0.474354	40
lost	1078	0.474196	40
win	1077	0.474038	174
lost	1076	0.47388	40
lost	1075	0.473722	0
lost	1074	0.473564	82
lost	1073	0.473406	40
win	1072	0.473249	174
lost	1071	0.473091	20
lost	1070	0.472933	-40
win	1069	0.472776	174
lost	1068	0.472618	80
win	1067	0.47246	162
lost	1066	0.472303	20
lost	1065	0.472146	40
lost	1064	0.471988	40
win	1063	0.471831	192
win	1062	0.471674	162
lost	1061	0.471516	80
lost	1060	0.471359	80
lost	1059	0.471202	-40
lost	1058	0.471045	80
lost	1057	0.470888	0
lost	1056	0.470731	0
win	1055	0.470574	180
lost	1054	0.470417	120
lost	1053	0.47026	40
lost	1052	0.470104	20
win	1051	0.469947	186
lost	1050	0.46979	0
win	1049	0.469634	180
lost	1048	0.469477	0
lost	1047	0.469321	120
lost	1046	0.469164	60
lost	1045	0.469008	0
win	1044	0.468851	168
lost	1043	0.468695	20
lost	1042	0.468539	60
lost	1041	0.468383	20
win	1040	0.468227	192
lost	1039	0.468071	0
win	1038	0.467915	168
win	1037	0.467759	174
lost	1036	0.467603	40
lost	1035	0.467447	20
win	1034	0.467291	192
lost	1033	0.467135	120
win	1032	0.46698	160
lost	1031	0.466824	100
lost	1030	0.466668	-20
lost	1029	0.466513	-40
lost	1028	0.466357	-40
win	1027	0.466202	192
lost	1026	0.466046	120
lost	1025	0.465891	80
lost	1024	0.465736	60
lost	1023	0.46558	20
lost	1022	0.465425	-40
lost	1021	0.46527	-40
lost	1020	0.465115	0
win	1019	0.46496	192
lost	1018	0.464805	0
win	1017	0.46465	174
lost	1016	0.464495	40
lost	1015	0.46434	100
win	1014	0.464186	204
lost	1013	0.464031	0
lost	1012	0.463876	20
win	1011	0.463722	162
win	1010	0.463567	180
lost	1009	0.463412	40
lost	1008	0.463258	20
lost	1007	0.463104	100
win	1006	0.462949	168
lost	1005	0.462795	120
lost	1004	0.462641	60
win	1003	0.462486	168
lost	1002	0.462332	20
win	1001	0.462178	186
lost	1000	0.462024	80
lost	999	0.46187	120
win	998	0.461716	186
lost	997	0.461562	120
win	996	0.461408	168
lost	995	0.461255	-20
lost	994	0.461101	120
lost	993	0.460947	80
lost	992	0.460793	20
lost	991	0.46064	80
lost	990	0.460486	60
lost	989	0.460333	0
lost	988	0.460179	-40
lost	987	0.460026	0
lost	986	0.459873	0
lost	985	0.459719	0
lost	984	0.459566	60
win	983	0.459413	192
lost	982	0.45926	0
lost	981	0.459107	120
lost	980	0.458954	20
lost	979	0.458801	-40
lost	978	0.458648	0
lost	977	0.458495	20
lost	976	0.458342	80
win	975	0.458189	174
lost	974	0.458036	120
lost	973	0.457884	20
win	972	0.457731	160
win	971	0.457579	168
lost	970	0.457426	120
lost	969	0.457274	20
lost	968	0.457121	120
win	967	0.456969	198
lost	966	0.456816	80
lost	965	0.456664	20
lost	964	0.456512	-20
win	963	0.45636	186
lost	962	0.456208	40
win	961	0.456056	174
lost	960	0.455904	80
win	959	0.455752	162
lost	958	0.4556	20
lost	957	0.455448	120
win	956	0.455296	162
lost	955	0.455144	-20
win	954	0.454993	162
lost	953	0.454841	60
win	952	0.454689	162
lost	951	0.454538	-20
lost	950	0.454386	60
lost	949	0.454235	40
lost	948	0.454083	100
lost	947	0.453932	42
lost	946	0.453781	0
win	945	0.453629	174
lost	944	0.453478	60
win	943	0.453327	160
win	942	0.453176	174
win	941	0.453025	180
lost	940	0.452874	20
win	939	0.452723	186
lost	938	0.452572	40
lost	937	0.452421	-20
win	936	0.45227	180
lost	935	0.45212	100
lost	934	0.451969	120
win	933	0.451818	174
lost	932	0.451668	-40
lost	931	0.451517	-20
lost	930	0.451367	-20
lost	929	0.451216	40
win	928	0.451066	174
lost	927	0.450915	80
lost	926	0.450765	2
lost	925	0.450615	-40
lost	924	0.450465	80
win	923	0.450314	204
lost	922	0.450164	20
lost	921	0.450014	-20
win	920	0.449864	174
lost	919	0.449714	80
lost	918	0.449564	60
lost	917	0.449415	0
win	916	0.449265	198
lost	915	0.449115	40
lost	914	0.448965	60
lost	913	0.448816	120
lost	912	0.448666	80
lost	911	0.448516	0
lost	910	0.448367	40
lost	909	0.448217	0
win	908	0.448068	186
win	907	0.447919	162
win	906	0.447769	186
win	905	0.44762	204
lost	904	0.447471	22
lost	903	0.447322	20
lost	902	0.447173	60
win	901	0.447024	162
lost	900	0.446875	40
win	899	0.446726	168
win	898	0.446577	162
lost	897	0.446428	80
lost	896	0.446279	0
lost	895	0.44613	120
lost	894	0.445982	0
win	893	0.445833	192
lost	892	0.445684	20
win	891	0.445536	174
win	890	0.445387	172
win	889	0.445239	186
win	888	0.44509	162
lost	887	0.444942	0
lost	886	0.444794	80
lost	885	0.444645	40
lost	884	0.444497	140
lost	883	0.444349	100
win	882	0.444201	192
lost	881	0.444053	100
lost	880	0.443905	0
win	879	0.443757	162
win	878	0.443609	192
lost	877	0.443461	120
lost	876	0.443313	0
lost	875	0.443166	80
lost	874	0.443018	100
lost	873	0.44287	120
lost	872	0.442723	-20
lost	871	0.442575	0
lost	870	0.442427	-40
lost	869	0.44228	120
lost	868	0.442133	40
lost	867	0.441985	80
lost	866	0.441838	20
lost	865	0.441691	120
win	864	0.441543	192
lost	863	0.441396	62
lost	862	0.441249	60
win	861	0.441102	168
lost	860	0.440955	0
win	859	0.440808	142
lost	858	0.440661	-20
win	857	0.440514	174
lost	856	0.440367	60
win	855	0.44022	160
lost	854	0.440074	40
lost	853	0.439927	-40
lost	852	0.43978	-20
win	851	0.439634	174
win	850	0.439487	186
lost	849	0.439341	100
lost	848	0.439194	60
lost	847	0.439048	-18
lost	846	0.438902	-40
lost	845	0.438755	20
lost	844	0.438609	0
lost	843	0.438463	60
win	842	0.438317	162
win	841	0.438171	160
lost	840	0.438024	80
lost	839	0.437878	-40
win	838	0.437732	168
win	837	0.437587	168
lost	836	0.437441	40
win	835	0.437295	180
lost	834	0.437149	40
win	833	0.437003	180
lost	832	0.436858	120
lost	831	0.436712	80
lost	830	0.436567	60
lost	829	0.436421	140
win	828	0.436276	168
win	827	0.43613	174
lost	826	0.435985	60
lost	825	0.435839	-40
win	824	0.435694	160
win	823	0.435549	174
win	822	0.435404	210
lost	821	0.435259	80
lost	820	0.435114	-40
lost	819	0.434968	-40
lost	818	0.434823	80
win	817	0.434679	180
win	816	0.434534	142
lost	815	0.434389	-20
lost	814	0.434244	0
win	813	0.434099	216
lost	812	0.433955	0
lost	811	0.43381	40
lost	810	0.433665	-40
lost	809	0.433521	20
lost	808	0.433376	20
win	807	0.433232	180
lost	806	0.433087	40
lost	805	0.432943	100
lost	804	0.432799	0
win	803	0.432654	186
win	802	0.43251	186
win	801	0.432366	174
lost	800	0.432222	40
lost	799	0.432078	0
win	798	0.431934	174
win	797	0.43179	192
lost	796	0.431646	40
win	795	0.431502	204
lost	794	0.431358	40
win	793	0.431214	168
lost	792	0.431071	-20
win	791	0.430927	174
win	790	0.430783	198
lost	789	0.43064	60
lost	788	0.430496	-40
lost	787	0.430353	20
lost	786	0.430209	80
lost	785	0.430066	40
win	784	0.429922	0
win	783	0.429779	174
win	782	0.429636	198
lost	781	0.429493	0
lost	780	0.42935	-40
win	779	0.429206	186
win	778	0.429063	180
win	777	0.42892	168
win	776	0.428777	198
win	775	0.428634	180
lost	774	0.428492	0
lost	773	0.428349	20
win	772	0.428206	0
lost	771	0.428063	42
lost	770	0.427921	40
lost	769	0.427778	-20
win	768	0.427635	180
lost	767	0.427493	0
win	766	0.42735	186
lost	765	0.427208	0
lost	764	0.427065	60
lost	763	0.426923	40
win	762	0.426781	168
lost	761	0.426638	60
lost	760	0.426496	0
win	759	0.426354	0
lost	758	0.426212	2
lost	757	0.42607	40
lost	756	0.425928	0
lost	755	0.425786	60
lost	754	0.425644	40
lost	753	0.425502	0
lost	752	0.42536	60
lost	751	0.425218	20
win	750	0.425077	192
lost	749	0.424935	20
lost	748	0.424793	120
lost	747	0.424652	-20
lost	746	0.42451	40
lost	745	0.424369	0
lost	744	0.424227	2
win	743	0.424086	172
win	742	0.423945	186
lost	741	0.423803	120
lost	740	0.423662	60
lost	739	0.423521	-40
lost	738	0.42338	40
win	737	0.423238	162
win	736	0.423097	198
win	735	0.422956	174
lost	734	0.422815	2
lost	733	0.422674	20
lost	732	0.422534	40
win	731	0.422393	174
win	730	0.422252	186
lost	729	0.422111	-40
lost	728	0.42197	80
lost	727	0.42183	0
lost	726	0.421689	-40
lost	725	0.421549	60
lost	724	0.421408	-40
lost	723	0.421268	-40
lost	722	0.421127	20
lost	721	0.420987	142
lost	720	0.420846	20
win	719	0.420706	186
lost	718	0.420566	20
win	717	0.420426	162
lost	716	0.420286	0
lost	715	0.420146	20
lost	714	0.420005	60
win	713	0.419865	168
lost	712	0.419726	40
win	711	0.419586	160
lost	710	0.419446	0
lost	709	0.419306	60
lost	708	0.419166	80
win	707	0.419026	168
lost	706	0.418887	120
lost	705	0.418747	-40
lost	704	0.418608	0
lost	703	0.418468	-40
lost	702	0.418329	-20
win	701	0.418189	168
lost	700	0.41805	60
win	699	0.41791	192
lost	698	0.417771	20
win	697	0.417632	198
lost	696	0.417493	80
win	695	0.417353	180
win	694	0.417214	186
lost	693	0.417075	140
lost	692	0.416936	62
win	691	0.416797	168
win	690	0.416658	204
win	689	0.416519	162
lost	688	0.416381	120
lost	687	0.416242	-20
win	686	0.416103	162
win	685	0.415964	204
win	684	0.415826	210
win	683	0.415687	192
win	682	0.415548	186
lost	681	0.41541	80
lost	680	0.415271	-40
lost	679	0.415133	20
win	678	0.414995	162
win	677	0.414856	216
win	676	0.414718	198
lost	675	0.41458	120
lost	674	0.414442	100
lost	673	0.414303	40
lost	672	0.414165	40
lost	671	0.414027	40
lost	670	0.413889	-40
win	669	0.413751	198
lost	668	0.413613	-20
lost	667	0.413476	20
win	666	0.413338	174
win	665	0.4132	204
win	664	0.413062	186
lost	663	0.412925	0
lost	662	0.412787	-40
lost	661	0.412649	120
win	660	0.412512	162
lost	659	0.412374	80
win	658	0.412237	198
lost	657	0.412099	120
win	656	0.411962	160
lost	655	0.411825	120
lost	654	0.411687	20
win	653	0.41155	162
lost	652	0.411413	60
lost	651	0.411276	100
win	650	0.411139	198
lost	649	0.411002	20
win	648	0.410865	174
win	647	0.410728	198
lost	646	0.410591	120
lost	645	0.410454	80
lost	644	0.410317	-40
lost	643	0.41018	0
win	642	0.410044	168
win	641	0.409907	192
lost	640	0.40977	120
win	639	0.409634	162
lost	638	0.409497	60
lost	637	0.409361	20
lost	636	0.409224	0
lost	635	0.409088	40
win	634	0.408952	178
win	633	0.408815	160
lost	632	0.408679	20
lost	631	0.408543	0
lost	630	0.408407	-40
lost	629	0.40827	-40
win	628	0.408134	192
lost	627	0.407998	0
lost	626	0.407862	-20
lost	625	0.407726	20
lost	624	0.40759	60
lost	623	0.407455	0
lost	622	0.407319	60
lost	621	0.407183	0
lost	620	0.407047	120
win	619	0.406912	174
lost	618	0.406776	-20
win	617	0.40664	180
lost	616	0.406505	100
lost	615	0.406369	0
win	614	0.406234	162
lost	613	0.406098	2
win	612	0.405963	174
lost	611	0.405828	40
lost	610	0.405692	60
lost	609	0.405557	100
lost	608	0.405422	60
win	607	0.405287	162
win	606	0.405152	162
lost	605	0.405017	20
lost	604	0.404882	0
lost	603	0.404747	120
lost	602	0.404612	60
win	601	0.404477	174
lost	600	0.404342	20
lost	599	0.404207	40
lost	598	0.404073	0
lost	597	0.403938	100
win	596	0.403803	198
lost	595	0.403669	140
win	594	0.403534	168
lost	593	0.4034	120
lost	592	0.403265	60
lost	591	0.403131	0
win	590	0.402996	174
win	589	0.402862	0
lost	588	0.402728	-40
lost	587	0.402593	80
lost	586	0.402459	0
lost	585	0.402325	60
win	584	0.402191	186
lost	583	0.402057	120
win	582	0.401923	162
lost	581	0.401789	-20
lost	580	0.401655	40
win	579	0.401521	216
lost	578	0.401387	80
win	577	0.401254	174
lost	576	0.40112	140
lost	575	0.400986	20
lost	574	0.400852	100
lost	573	0.400719	40
lost	572	0.400585	20
lost	571	0.400452	60
lost	570	0.400318	100
win	569	0.400185	186
lost	568	0.400051	0
lost	567	0.399918	120
lost	566	0.399785	20
lost	565	0.399651	40
lost	564	0.399518	40
lost	563	0.399385	60
win	562	0.399252	174
win	561	0.399119	168
lost	560	0.398986	120
win	559	0.398853	192
lost	558	0.39872	40
lost	557	0.398587	80
lost	556	0.398454	140
lost	555	0.398321	100
win	554	0.398188	162
lost	553	0.398056	0
lost	552	0.397923	80
win	551	0.39779	186
lost	550	0.397658	0
lost	549	0.397525	80
lost	548	0.397393	20
lost	547	0.39726	140
lost	546	0.397128	40
lost	545	0.396996	100
lost	544	0.396863	100
lost	543	0.396731	120
lost	542	0.396599	20
lost	541	0.396466	40
lost	540	0.396334	100
lost	539	0.396202	100
lost	538	0.39607	100
lost	537	0.395938	20
lost	536	0.395806	60
lost	535	0.395674	120
lost	534	0.395542	60
lost	533	0.39541	100
lost	532	0.395279	20
lost	531	0.395147	60
lost	530	0.395015	40
lost	529	0.394884	0
win	528	0.394752	198
lost	527	0.39462	80
lost	526	0.394489	-40
lost	525	0.394357	-20
lost	524	0.394226	20
lost	523	0.394094	2
win	522	0.393963	186
win	521	0.393832	168
win	520	0.3937	192
lost	519	0.393569	100
lost	518	0.393438	60
lost	517	0.393307	0
lost	516	0.393176	80
win	515	0.393045	192
lost	514	0.392914	80
lost	513	0.392783	40
lost	512	0.392652	40
lost	511	0.392521	60
lost	510	0.39239	0
lost	509	0.392259	40
lost	508	0.392129	120
win	507	0.391998	186
lost	506	0.391867	60
win	505	0.391737	160
lost	504	0.391606	60
lost	503	0.391475	2
win	502	0.391345	168
lost	501	0.391214	0
lost	500	0.391084	120
win	499	0.390954	168
win	498	0.390823	168
lost	497	0.390693	0
win	496	0.390563	174
win	495	0.390433	186
win	494	0.390303	180
lost	493	0.390172	40
lost	492	0.390042	-20
lost	491	0.389912	60
lost	490	0.389782	0
lost	489	0.389652	100
win	488	0.389523	210
lost	487	0.389393	40
win	486	0.389263	204
lost	485	0.389133	80
lost	484	0.389003	20
lost	483	0.388874	0
win	482	0.388744	174
lost	481	0.388615	120
lost	480	0.388485	80
win	479	0.388356	174
lost	478	0.388226	100
lost	477	0.388097	-20
lost	476	0.387967	20
lost	475	0.387838	0
win	474	0.387709	216
lost	473	0.38758	20
lost	472	0.38745	120
lost	471	0.387321	80
lost	470	0.387192	-40
lost	469	0.387063	20
lost	468	0.386934	0
win	467	0.386805	168
lost	466	0.386676	60
lost	465	0.386547	20
lost	464	0.386418	60
win	463	0.38629	186
lost	462	0.386161	80
lost	461	0.386032	100
lost	460	0.385903	80
lost	459	0.385775	20
lost	458	0.385646	20
win	457	0.385518	210
lost	456	0.385389	0
win	455	0.385261	160
lost	454	0.385132	120
win	453	0.385004	180
lost	452	0.384875	60
lost	451	0.384747	80
lost	450	0.384619	20
lost	449	0.384491	40
win	448	0.384363	210
lost	447	0.384234	-40
lost	446	0.384106	20
lost	445	0.383978	140
lost	444	0.38385	20
lost	443	0.383722	40
win	442	0.383594	168
win	441	0.383467	192
lost	440	0.383339	40
lost	439	0.383211	60
win	438	0.383083	168
lost	437	0.382956	120
lost	436	0.382828	100
win	435	0.3827	168
win	434	0.382573	168
win	433	0.382445	160
lost	432	0.382318	20
win	431	0.38219	168
lost	430	0.382063	100
win	429	0.381936	192
win	428	0.381808	198
win	427	0.381681	186
win	426	0.381554	192
lost	425	0.381427	40
lost	424	0.381299	0
lost	423	0.381172	0
lost	422	0.381045	0
lost	421	0.380918	40
lost	420	0.380791	100
win	419	0.380664	162
lost	418	0.380537	60
win	417	0.380411	168
win	416	0.380284	174
win	415	0.380157	142
win	414	0.38003	210
lost	413	0.379904	-20
win	412	0.379777	186
lost	411	0.37965	60
win	410	0.379524	168
lost	409	0.379397	20
win	408	0.379271	162
lost	407	0.379144	80
lost	406	0.379018	120
lost	405	0.378892	20
lost	404	0.378765	60
lost	403	0.378639	40
lost	402	0.378513	140
win	401	0.378387	192
lost	400	0.378261	20
lost	399	0.378135	80
win	398	0.378009	186
lost	397	0.377883	-20
lost	396	0.377757	-40
lost	395	0.377631	40
win	394	0.377505	192
win	393	0.377379	192
lost	392	0.377253	60
lost	391	0.377127	60
lost	390	0.377002	60
win	389	0.376876	186
lost	388	0.37675	40
lost	387	0.376625	140
win	386	0.376499	186
lost	385	0.376374	0
lost	384	0.376248	140
lost	383	0.376123	20
win	382	0.375998	204
win	381	0.375872	174
lost	380	0.375747	40
lost	379	0.375622	40
lost	378	0.375496	20
lost	377	0.375371	60
lost	376	0.375246	60
lost	375	0.375121	100
lost	374	0.374996	140
lost	373	0.374871	80
win	372	0.374746	198
lost	371	0.374621	88
win	370	0.374496	174
lost	369	0.374371	80
lost	368	0.374247	0
lost	367	0.374122	100
lost	366	0.373997	40
lost	365	0.373873	0
win	364	0.373748	180
win	363	0.373623	168
lost	362	0.373499	-20
win	361	0.373374	186
win	360	0.37325	162
lost	359	0.373125	20
win	358	0.373001	174
win	357	0.372877	204
win	356	0.372752	180
lost	355	0.372628	120
win	354	0.372504	180
win	353	0.37238	180
lost	352	0.372256	80
lost	351	0.372132	120
lost	350	0.372008	60
win	349	0.371884	198
lost	348	0.37176	40
lost	347	0.371636	140
lost	346	0.371512	20
lost	345	0.371388	0
lost	344	0.371264	0
lost	343	0.37114	140
lost	342	0.371017	20
lost	341	0.370893	40
lost	340	0.370769	-40
win	339	0.370646	180
lost	338	0.370522	40
lost	337	0.370399	20
win	336	0.370275	192
win	335	0.370152	198
win	334	0.370028	174
lost	333	0.369905	-40
win	332	0.369782	180
lost	331	0.369659	60
lost	330	0.369535	-40
lost	329	0.369412	0
lost	328	0.369289	140
win	327	0.369166	210
lost	326	0.369043	60
lost	325	0.36892	80
win	324	0.368797	174
lost	323	0.368674	80
lost	322	0.368551	60
lost	321	0.368428	-20
win	320	0.368305	168
lost	319	0.368183	0
lost	318	0.36806	120
lost	317	0.367937	0
lost	316	0.367815	0
lost	315	0.367692	20
lost	314	0.367569	0
lost	313	0.367447	100
win	312	0.367324	186
lost	311	0.367202	100
win	310	0.36708	174
lost	309	0.366957	80
lost	308	0.366835	100
win	307	0.366713	166
lost	306	0.36659	60
lost	305	0.366468	-40
lost	304	0.366346	-20
lost	303	0.366224	100
win	302	0.366102	198
lost	301	0.36598	60
win	300	0.365858	174
lost	299	0.365736	80
lost	298	0.365614	0
lost	297	0.365492	0
lost	296	0.36537	40
lost	295	0.365248	0
lost	294	0.365127	0
lost	293	0.365005	100
lost	292	0.364883	80
lost	291	0.364762	-40
lost	290	0.36464	-20
lost	289	0.364519	140
lost	288	0.364397	0
win	287	0.364276	160
win	286	0.364154	186
lost	285	0.364033	120
lost	284	0.363911	100
lost	283	0.36379	-40
lost	282	0.363669	40
lost	281	0.363548	20
lost	280	0.363426	100
win	279	0.363305	186
lost	278	0.363184	0
win	277	0.363063	180
win	276	0.362942	192
lost	275	0.362821	40
lost	274	0.3627	100
lost	273	0.362579	20
lost	272	0.362458	20
lost	271	0.362338	80
lost	270	0.362217	80
lost	269	0.362096	0
lost	268	0.361975	80
win	267	0.361855	186
lost	266	0.361734	40
lost	265	0.361614	140
lost	264	0.361493	-40
win	263	0.361373	192
win	262	0.361252	0
lost	261	0.361132	20
lost	260	0.361011	100
lost	259	0.360891	40
lost	258	0.360771	60
lost	257	0.36065	20
lost	256	0.36053	40
lost	255	0.36041	60
lost	254	0.36029	0
lost	253	0.36017	100
win	252	0.36005	168
lost	251	0.35993	80
win	250	0.35981	198
lost	249	0.35969	40
lost	248	0.35957	40
win	247	0.35945	162
win	246	0.35933	192
win	245	0.35921	186
lost	244	0.359091	140
win	243	0.358971	204
lost	242	0.358851	20
win	241	0.358732	162
lost	240	0.358612	100
lost	239	0.358493	40
lost	238	0.358373	60
win	237	0.358254	174
lost	236	0.358134	-18
win	235	0.358015	168
lost	234	0.357896	100
lost	233	0.357776	100
lost	232	0.357657	100
win	231	0.357538	180
lost	230	0.357419	20
lost	229	0.357299	120
lost	228	0.35718	100
lost	227	0.357061	40
lost	226	0.356942	60
lost	225	0.356823	20
win	224	0.356704	186
lost	223	0.356585	80
lost	222	0.356467	0
lost	221	0.356348	0
lost	220	0.356229	60
win	219	0.35611	168
lost	218	0.355991	40
lost	217	0.355873	80
lost	216	0.355754	-40
win	215	0.355636	198
win	214	0.355517	180
lost	213	0.355399	20
win	212	0.35528	204
lost	211	0.355162	80
win	210	0.355043	180
lost	209	0.354925	80
lost	208	0.354807	80
lost	207	0.354688	80
win	206	0.35457	186
lost	205	0.354452	20
lost	204	0.354334	20
lost	203	0.354216	0
win	202	0.354098	204
lost	201	0.35398	0
lost	200	0.353862	20
win	199	0.353744	162
lost	198	0.353626	20
lost	197	0.353508	20
lost	196	0.35339	-40
lost	195	0.353272	40
lost	194	0.353154	40
win	193	0.353037	198
lost	192	0.352919	20
win	191	0.352801	198
win	190	0.352684	162
win	189	0.352566	180
lost	188	0.352449	40
lost	187	0.352331	22
lost	186	0.352214	140
win	185	0.352096	180
win	184	0.351979	168
lost	183	0.351862	40
lost	182	0.351744	60
win	181	0.351627	198
lost	180	0.35151	100
lost	179	0.351393	40
lost	178	0.351276	20
lost	177	0.351159	0
lost	176	0.351042	80
lost	175	0.350925	80
lost	174	0.350808	0
lost	173	0.350691	60
win	172	0.350574	186
lost	171	0.350457	0
lost	170	0.35034	0
lost	169	0.350223	80
win	168	0.350107	174
win	167	0.34999	180
lost	166	0.349873	0
lost	165	0.349757	0
win	164	0.34964	160
lost	163	0.349523	60
lost	162	0.349407	140
lost	161	0.34929	0
win	160	0.349174	174
lost	159	0.349058	40
lost	158	0.348941	60
win	157	0.348825	162
lost	156	0.348709	62
win	155	0.348592	0
win	154	0.348476	174
win	153	0.34836	180
lost	152	0.348244	120
lost	151	0.348128	0
lost	150	0.348012	120
lost	149	0.347896	40
lost	148	0.34778	40
lost	147	0.347664	0
win	146	0.347548	162
lost	145	0.347432	100
lost	144	0.347316	60
lost	143	0.347201	60
win	142	0.347085	174
win	141	0.346969	198
lost	140	0.346854	2
lost	139	0.346738	40
lost	138	0.346622	140
lost	137	0.346507	100
win	136	0.346391	174
win	135	0.346276	162
win	134	0.34616	180
lost	133	0.346045	0
lost	132	0.34593	20
lost	131	0.345814	100
lost	130	0.345699	120
lost	129	0.345584	40
lost	128	0.345469	0
lost	127	0.345353	80
lost	126	0.345238	0
lost	125	0.345123	80
lost	124	0.345008	100
win	123	0.344893	186
win	122	0.344778	162
lost	121	0.344663	100
lost	120	0.344548	60
lost	119	0.344434	20
win	118	0.344319	174
win	117	0.344204	180
win	116	0.344089	204
lost	115	0.343975	140
lost	114	0.34386	140
win	113	0.343745	168
lost	112	0.343631	60
win	111	0.343516	174
lost	110	0.343402	-40
lost	109	0.343287	40
win	108	0.343173	168
lost	107	0.343058	0
lost	106	0.342944	0
win	105	0.34283	162
lost	104	0.342715	-40
lost	103	0.342601	40
lost	102	0.342487	100
win	101	0.342373	180
lost	100	0.342259	40
lost	99	0.342145	0
win	98	0.342031	168
lost	97	0.341917	2
lost	96	0.341803	2
lost	95	0.341689	60
win	94	0.341575	186
lost	93	0.341461	-20
lost	92	0.341347	80
lost	91	0.341233	40
win	90	0.34112	162
win	89	0.341006	162
lost	88	0.340892	0
win	87	0.340779	192
win	86	0.340665	168
lost	85	0.340551	120
win	84	0.340438	186
win	83	0.340324	192
lost	82	0.340211	80
win	81	0.340098	198
lost	80	0.339984	60
lost	79	0.339871	-20
lost	78	0.339758	100
lost	77	0.339644	40
win	76	0.339531	198
win	75	0.339418	160
win	74	0.339305	168
win	73	0.339192	168
lost	72	0.339079	80
lost	71	0.338966	100
lost	70	0.338853	100
lost	69	0.33874	102
lost	68	0.338627	62
win	67	0.338514	180
lost	66	0.338401	80
win	65	0.338288	168
lost	64	0.338175	142
lost	63	0.338063	0
lost	62	0.33795	100
win	61	0.337837	162
lost	60	0.337725	60
win	59	0.337612	174
lost	58	0.3375	40
lost	57	0.337387	80
win	56	0.337275	168
win	55	0.337162	186
win	54	0.33705	174
win	53	0.336938	192
win	52	0.336825	162
win	51	0.336713	198
lost	50	0.336601	140
win	49	0.336489	198
win	48	0.336376	148
win	47	0.336264	186
lost	46	0.336152	120
win	45	0.33604	178
lost	44	0.335928	60
lost	43	0.335816	-18
lost	42	0.335704	20
lost	41	0.335592	80
lost	40	0.33548	40
lost	39	0.335369	20
lost	38	0.335257	40
lost	37	0.335145	100
win	36	0.335033	162
lost	35	0.334922	40
win	34	0.33481	192
lost	33	0.334698	120
lost	32	0.334587	0
lost	31	0.334475	80
win	30	0.334364	162
lost	29	0.334252	80
lost	28	0.334141	-40
lost	27	0.33403	100
win	26	0.333918	162
lost	25	0.333807	40
lost	24	0.333696	80
lost	23	0.333584	80
lost	22	0.333473	122
lost	21	0.333362	0
lost	20	0.333251	100
lost	19	0.33314	60
win	18	0.333029	168
win	17	0.332918	180
lost	16	0.332807	80
win	15	0.332696	180
win	14	0.332585	174
lost	13	0.332474	40
win	12	0.332363	162
win	11	0.332253	198
lost	10	0.332142	20
win	9	0.332031	192
win	8	0.33192	186
lost	7	0.33181	120
lost	6	0.331699	0
lost	5	0.331589	60
lost	4	0.331478	40
lost	3	0.331368	40
win	2	0.331257	162
win	1	0.331147	180
