3000 0.9 
------------------
9	0	10.2
19	0	10
29	0	-6
39	0.2	38.8
49	0	-3.8
59	0	-2
69	0	4
79	0	16
89	0	24
99	0	26
109	0	4
119	0.1	48.8
129	0.2	58.8
139	0	36.4
149	0	28
159	0.1	39.2
169	0.1	42.8
179	0.2	16
189	0	-6
199	0	34
209	0	-5.8
219	0.1	42.4
229	0.2	69.4
239	0.3	68.4
249	0	14
259	0.1	18.6
269	0	30
279	0	-8
289	0	20
299	0.1	34.6
309	0.1	44.8
319	0.2	47.8
329	0.1	39.2
339	0.1	34.8
349	0.1	38.4
359	0	38
369	0	24
379	0	24
389	0	52
399	0	-3.8
409	0	30
419	0	-16
429	0	34
439	0	16
449	0	32.2
459	0	42
469	0	24.2
479	0.1	40.8
489	0.2	38.2
499	0.2	53.6
509	0.1	30.8
519	0.1	46.2
529	0.1	46
539	0	34
549	0.2	32.6
559	0	18.2
569	0	32
579	0.2	51.2
589	0.1	48.4
599	0.1	19.4
609	0	78
619	0.1	46
629	0.1	16.8
639	0	8
649	0.1	34.4
659	0	40.2
669	0	30.2
679	0.1	18
689	0.2	74
699	0.3	71.4
709	0.3	60.8
719	0	58
729	0.2	26.2
739	0	0.2
749	0	6.8
759	0.1	55.4
769	0.1	40.2
779	0	10
789	0.2	31.4
799	0	0
809	0	18
819	0.2	51.8
829	0.1	28.4
839	0.1	46.8
849	0	8
859	0.3	87.6
869	0.1	55.2
879	0	28
889	0.2	89.2
899	0.1	18.2
909	0.2	64
919	0.3	51.6
929	0	20
939	0.1	40.2
949	0	14.4
959	0.1	50.2
969	0.3	56.8
979	0.1	36.2
989	0.2	39.6
999	0	42
1009	0.1	38.2
1019	0.3	65.8
1029	0.1	52.4
1039	0.1	42.6
1049	0.2	43
1059	0.3	67.6
1069	0.1	42.2
1079	0.2	48.2
1089	0.1	27.4
1099	0.2	82.2
1109	0.1	51.2
1119	0	34
1129	0	22.2
1139	0.1	18.2
1149	0.2	65.4
1159	0.3	77.2
1169	0.1	37
1179	0.2	39.4
1189	0.2	60.4
1199	0.2	74.2
1209	0.2	63.2
1219	0.1	87.8
1229	0.2	39
1239	0.2	73.2
1249	0.2	68.8
1259	0.1	28.8
1269	0.3	80.8
1279	0.1	44.6
1289	0.3	86.4
1299	0.1	18.6
1309	0.4	93.6
1319	0	46
1329	0.1	34
1339	0.2	85.4
1349	0.1	48
1359	0.2	64.2
1369	0.3	74.2
1379	0.2	71.2
1389	0	24.2
1399	0.2	73
1409	0	10
1419	0.2	71
1429	0.1	25
1439	0.2	56.4
1449	0.1	62.6
1459	0.1	55.4
1469	0.1	38.4
1479	0.2	60.2
1489	0.2	53.4
1499	0.2	80.8
1509	0.2	67.6
1519	0.1	35.4
1529	0.4	98.2
1539	0.3	78
1549	0.3	62.2
1559	0.3	79
1569	0.2	53.4
1579	0.2	69
1589	0.2	63.2
1599	0.5	105.8
1609	0.3	76.8
1619	0.2	82.6
1629	0.1	44.6
1639	0.2	60.2
1649	0.3	82
1659	0.3	85.2
1669	0.3	90.4
1679	0.2	52.8
1689	0.4	84.4
1699	0.4	110.6
1709	0.1	32
1719	0.2	85.8
1729	0.1	34.4
1739	0.3	46
1749	0.1	54.2
1759	0.2	64.6
1769	0.6	122.6
1779	0.4	93.4
1789	0.1	83.4
1799	0.4	65
1809	0.3	106.8
1819	0.3	98.4
1829	0.2	41.6
1839	0.3	82.4
1849	0.3	77.4
1859	0.2	97.4
1869	0.2	77.6
1879	0.1	28.2
1889	0.4	78.6
1899	0.3	79.6
1909	0.2	68
1919	0.4	95.2
1929	0.2	57.6
1939	0.3	68.6
1949	0.1	61.6
1959	0.2	51.4
1969	0.3	59.4
1979	0.4	101.2
1989	0.2	70
1999	0.2	71.6
2009	0.3	95.8
2019	0.2	82.8
2029	0.7	115.2
2039	0.1	44.8
2049	0.3	74.8
2059	0.3	77.6
2069	0.4	107.4
2079	0.3	97.2
2089	0.2	89.6
2099	0.1	60.8
2109	0.3	86.6
2119	0.3	86.4
2129	0.5	105.8
2139	0.2	97.2
2149	0.2	64.4
2159	0.3	78.4
2169	0.2	66
2179	0.3	98.6
2189	0.2	61.4
2199	0.3	91.4
2209	0.4	61.2
2219	0.6	127
2229	0	34
2239	0.3	94.8
2249	0.6	130
2259	0.4	100.6
2269	0.3	85.2
2279	0.4	112.4
2289	0.5	98.8
2299	0.5	115.2
2309	0.4	95.6
2319	0.2	63.6
2329	0.6	139
2339	0.2	69.6
2349	0.4	85
2359	0.4	94
2369	0.4	86.8
2379	0.3	73.8
2389	0.4	111
2399	0.4	95.6
2409	0.1	66.6
2419	0.8	149.6
2429	0.2	63
2439	0.3	84.8
2449	0.2	59.2
2459	0.2	75.2
2469	0.2	79.4
2479	0.4	107.4
2489	0.2	54.8
2499	0.4	97.4
2509	0.2	89.6
2519	0.2	81.8
2529	0.3	78.2
2539	0.4	97.6
2549	0.2	52.8
2559	0	34
2569	0.4	111.6
2579	0.2	75
2589	0.3	53
2599	0.3	111.8
2609	0.4	84.4
2619	0.1	56.6
2629	0.4	115.4
2639	0.5	108
2649	0.4	97.6
2659	0.4	99.4
2669	0.2	78.4
2679	0.8	160.6
2689	0.5	109.2
2699	0	36.2
2709	0.6	134.6
2719	0.5	112.8
2729	0.3	91.6
2739	0.5	119.6
2749	0.3	86.2
2759	0.2	70.2
2769	0.4	110.2
2779	0.6	136.2
2789	0.2	85
2799	0.3	81.4
2809	0.5	103.2
2819	0.3	100
2829	0.1	64
2839	0.6	126.8
2849	0.4	112.2
2859	0.3	78.6
2869	0.5	112
2879	0.5	125.8
2889	0.2	86.2
2899	0.2	106.4
2909	0.3	88
2919	0.2	69
2929	0.5	121.8
2939	0.5	98
2949	0.4	103.8
2959	0.2	74.4
2969	0.4	109.6
2979	0.3	89.2
2989	0.3	88.8
2999	0.3	92.4
