lost	1000	0.9	0
lost	999	0.8991	-40
lost	998	0.898201	-40
lost	997	0.897303	-40
lost	996	0.896405	0
lost	995	0.895509	80
lost	994	0.894613	0
lost	993	0.893719	120
win	992	0.892825	162
lost	991	0.891932	0
lost	990	0.89104	40
lost	989	0.890149	-20
lost	988	0.889259	20
lost	987	0.88837	-40
lost	986	0.887482	-20
lost	985	0.886594	40
lost	984	0.885707	20
lost	983	0.884822	40
lost	982	0.883937	-40
lost	981	0.883053	-20
lost	980	0.88217	40
lost	979	0.881288	-40
lost	978	0.880407	20
lost	977	0.879526	60
lost	976	0.878647	120
lost	975	0.877768	0
lost	974	0.87689	-40
win	973	0.876013	162
lost	972	0.875137	-20
lost	971	0.874262	20
lost	970	0.873388	20
lost	969	0.872514	0
lost	968	0.871642	-40
lost	967	0.87077	20
lost	966	0.8699	120
lost	965	0.86903	-40
lost	964	0.868161	0
lost	963	0.867292	-40
lost	962	0.866425	120
lost	961	0.865559	-40
lost	960	0.864693	-20
lost	959	0.863828	0
lost	958	0.862965	-20
lost	957	0.862102	-40
lost	956	0.86124	-40
lost	955	0.860378	0
lost	954	0.859518	0
lost	953	0.858658	0
lost	952	0.8578	40
lost	951	0.856942	-20
lost	950	0.856085	0
lost	949	0.855229	40
win	948	0.854374	174
lost	947	0.853519	-40
lost	946	0.852666	40
lost	945	0.851813	-20
lost	944	0.850961	-40
lost	943	0.85011	-40
lost	942	0.84926	20
lost	941	0.848411	80
lost	940	0.847563	0
lost	939	0.846715	40
lost	938	0.845868	40
lost	937	0.845022	0
lost	936	0.844177	120
lost	935	0.843333	60
lost	934	0.84249	40
lost	933	0.841647	-40
lost	932	0.840806	80
lost	931	0.839965	0
lost	930	0.839125	40
lost	929	0.838286	0
lost	928	0.837448	60
lost	927	0.83661	-40
lost	926	0.835774	-40
lost	925	0.834938	40
lost	924	0.834103	-18
lost	923	0.833269	80
lost	922	0.832435	-40
lost	921	0.831603	0
lost	920	0.830771	60
lost	919	0.829941	-20
lost	918	0.829111	-40
lost	917	0.828282	40
lost	916	0.827453	20
lost	915	0.826626	20
lost	914	0.825799	0
lost	913	0.824973	60
lost	912	0.824149	40
lost	911	0.823324	140
lost	910	0.822501	40
lost	909	0.821679	20
lost	908	0.820857	20
lost	907	0.820036	20
lost	906	0.819216	-40
lost	905	0.818397	60
lost	904	0.817578	20
win	903	0.816761	210
lost	902	0.815944	60
lost	901	0.815128	40
lost	900	0.814313	-20
lost	899	0.813499	60
lost	898	0.812685	-40
lost	897	0.811872	42
lost	896	0.811061	-40
lost	895	0.81025	40
lost	894	0.809439	20
lost	893	0.80863	22
lost	892	0.807821	60
lost	891	0.807013	120
lost	890	0.806206	-40
lost	889	0.8054	20
lost	888	0.804595	20
lost	887	0.80379	20
lost	886	0.802986	40
lost	885	0.802183	40
lost	884	0.801381	0
lost	883	0.80058	22
lost	882	0.799779	80
lost	881	0.798979	40
lost	880	0.79818	-32
lost	879	0.797382	120
lost	878	0.796585	2
lost	877	0.795788	20
lost	876	0.794993	40
lost	875	0.794198	0
lost	874	0.793403	80
lost	873	0.79261	40
lost	872	0.791817	-20
lost	871	0.791026	20
lost	870	0.790234	-40
lost	869	0.789444	40
lost	868	0.788655	80
lost	867	0.787866	20
lost	866	0.787078	62
lost	865	0.786291	-40
lost	864	0.785505	40
lost	863	0.784719	0
lost	862	0.783935	40
lost	861	0.783151	100
lost	860	0.782368	20
lost	859	0.781585	80
lost	858	0.780804	0
lost	857	0.780023	100
lost	856	0.779243	-40
lost	855	0.778464	40
lost	854	0.777685	40
lost	853	0.776907	60
lost	852	0.776131	0
lost	851	0.775354	20
lost	850	0.774579	-40
lost	849	0.773804	62
lost	848	0.773031	40
lost	847	0.772258	0
lost	846	0.771485	-40
lost	845	0.770714	-40
lost	844	0.769943	0
lost	843	0.769173	120
win	842	0.768404	174
lost	841	0.767636	20
lost	840	0.766868	0
win	839	0.766101	148
lost	838	0.765335	0
lost	837	0.76457	0
lost	836	0.763805	100
lost	835	0.763041	80
lost	834	0.762278	40
lost	833	0.761516	22
lost	832	0.760755	0
lost	831	0.759994	-20
lost	830	0.759234	80
lost	829	0.758475	40
lost	828	0.757716	40
lost	827	0.756958	0
lost	826	0.756201	20
lost	825	0.755445	0
lost	824	0.75469	20
lost	823	0.753935	0
lost	822	0.753181	100
lost	821	0.752428	40
lost	820	0.751675	20
lost	819	0.750924	120
lost	818	0.750173	40
lost	817	0.749423	-20
lost	816	0.748673	120
lost	815	0.747925	-40
lost	814	0.747177	0
lost	813	0.74643	-40
lost	812	0.745683	0
lost	811	0.744937	0
lost	810	0.744192	40
lost	809	0.743448	140
lost	808	0.742705	20
lost	807	0.741962	60
lost	806	0.74122	-40
lost	805	0.740479	-40
lost	804	0.739738	0
lost	803	0.738999	-20
lost	802	0.73826	60
lost	801	0.737521	-20
lost	800	0.736784	80
lost	799	0.736047	-40
lost	798	0.735311	-40
lost	797	0.734576	-40
lost	796	0.733841	40
lost	795	0.733107	0
lost	794	0.732374	120
lost	793	0.731642	0
lost	792	0.73091	40
lost	791	0.730179	20
lost	790	0.729449	80
lost	789	0.72872	0
lost	788	0.727991	0
win	787	0.727263	210
lost	786	0.726536	-20
lost	785	0.725809	-40
lost	784	0.725083	20
win	783	0.724358	162
lost	782	0.723634	20
lost	781	0.72291	120
lost	780	0.722187	-20
lost	779	0.721465	40
win	778	0.720744	162
lost	777	0.720023	20
win	776	0.719303	186
lost	775	0.718584	0
lost	774	0.717865	20
lost	773	0.717147	80
lost	772	0.71643	20
lost	771	0.715714	40
win	770	0.714998	180
lost	769	0.714283	22
lost	768	0.713569	60
lost	767	0.712855	-40
lost	766	0.712142	60
win	765	0.71143	168
lost	764	0.710719	-40
lost	763	0.710008	60
lost	762	0.709298	60
lost	761	0.708589	-40
lost	760	0.70788	80
lost	759	0.707172	0
lost	758	0.706465	20
lost	757	0.705759	0
lost	756	0.705053	-40
lost	755	0.704348	40
lost	754	0.703643	100
lost	753	0.70294	-20
lost	752	0.702237	0
lost	751	0.701535	0
lost	750	0.700833	140
lost	749	0.700132	20
lost	748	0.699432	120
win	747	0.698733	186
lost	746	0.698034	-40
lost	745	0.697336	100
lost	744	0.696639	0
lost	743	0.695942	0
win	742	0.695246	198
lost	741	0.694551	0
lost	740	0.693856	20
lost	739	0.693162	20
lost	738	0.692469	140
lost	737	0.691777	20
lost	736	0.691085	-20
lost	735	0.690394	20
lost	734	0.689703	0
lost	733	0.689014	100
lost	732	0.688325	60
lost	731	0.687636	20
lost	730	0.686949	120
lost	729	0.686262	-40
lost	728	0.685576	22
lost	727	0.68489	-20
lost	726	0.684205	100
lost	725	0.683521	-40
lost	724	0.682837	20
lost	723	0.682154	-40
lost	722	0.681472	80
lost	721	0.680791	0
lost	720	0.68011	0
lost	719	0.67943	20
lost	718	0.678751	22
lost	717	0.678072	-40
lost	716	0.677394	0
lost	715	0.676716	-40
lost	714	0.67604	0
lost	713	0.675364	0
win	712	0.674688	180
lost	711	0.674014	-20
lost	710	0.67334	0
lost	709	0.672666	40
win	708	0.671993	204
win	707	0.671322	162
lost	706	0.67065	0
lost	705	0.66998	40
lost	704	0.66931	-18
lost	703	0.66864	120
lost	702	0.667972	100
lost	701	0.667304	20
lost	700	0.666636	40
lost	699	0.66597	2
lost	698	0.665304	20
lost	697	0.664638	20
lost	696	0.663974	20
win	695	0.66331	180
lost	694	0.662646	-40
lost	693	0.661984	80
win	692	0.661322	168
lost	691	0.660661	40
win	690	0.66	180
lost	689	0.65934	20
lost	688	0.658681	0
lost	687	0.658022	20
lost	686	0.657364	20
lost	685	0.656706	0
lost	684	0.65605	0
lost	683	0.655394	80
lost	682	0.654738	80
lost	681	0.654084	-40
win	680	0.65343	162
lost	679	0.652776	0
lost	678	0.652123	-40
lost	677	0.651471	80
lost	676	0.65082	-38
lost	675	0.650169	40
lost	674	0.649519	0
win	673	0.648869	204
win	672	0.64822	174
lost	671	0.647572	-20
win	670	0.646925	180
lost	669	0.646278	0
lost	668	0.645631	40
lost	667	0.644986	0
lost	666	0.644341	0
lost	665	0.643696	60
lost	664	0.643053	40
lost	663	0.64241	-20
lost	662	0.641767	60
lost	661	0.641125	142
lost	660	0.640484	-40
lost	659	0.639844	40
lost	658	0.639204	0
lost	657	0.638565	40
lost	656	0.637926	120
lost	655	0.637288	80
lost	654	0.636651	120
lost	653	0.636014	60
win	652	0.635378	168
lost	651	0.634743	20
lost	650	0.634108	120
lost	649	0.633474	0
win	648	0.632841	180
win	647	0.632208	174
lost	646	0.631576	100
lost	645	0.630944	20
lost	644	0.630313	0
lost	643	0.629683	60
lost	642	0.629053	120
lost	641	0.628424	40
lost	640	0.627796	60
lost	639	0.627168	0
win	638	0.626541	174
lost	637	0.625914	-20
lost	636	0.625288	140
win	635	0.624663	174
lost	634	0.624038	40
lost	633	0.623414	80
win	632	0.622791	210
lost	631	0.622168	0
win	630	0.621546	180
lost	629	0.620924	100
lost	628	0.620303	-32
lost	627	0.619683	100
lost	626	0.619063	80
lost	625	0.618444	60
lost	624	0.617826	-40
lost	623	0.617208	40
win	622	0.616591	174
win	621	0.615974	160
lost	620	0.615358	80
lost	619	0.614743	120
lost	618	0.614128	80
lost	617	0.613514	0
lost	616	0.612901	40
win	615	0.612288	186
lost	614	0.611675	40
lost	613	0.611064	80
lost	612	0.610453	20
lost	611	0.609842	-40
lost	610	0.609232	40
lost	609	0.608623	-20
lost	608	0.608014	60
lost	607	0.607406	20
win	606	0.606799	186
lost	605	0.606192	0
lost	604	0.605586	20
win	603	0.60498	204
lost	602	0.604375	40
lost	601	0.603771	120
lost	600	0.603167	20
lost	599	0.602564	20
lost	598	0.601962	0
lost	597	0.60136	40
lost	596	0.600758	0
lost	595	0.600158	-20
win	594	0.599557	0
lost	593	0.598958	20
lost	592	0.598359	120
lost	591	0.59776	140
lost	590	0.597163	20
lost	589	0.596566	-20
lost	588	0.595969	-40
lost	587	0.595373	-40
lost	586	0.594778	140
lost	585	0.594183	0
lost	584	0.593589	0
win	583	0.592995	186
lost	582	0.592402	20
lost	581	0.59181	80
lost	580	0.591218	-20
lost	579	0.590627	0
lost	578	0.590036	-40
lost	577	0.589446	120
lost	576	0.588857	20
lost	575	0.588268	-20
lost	574	0.587679	-40
lost	573	0.587092	40
lost	572	0.586505	40
lost	571	0.585918	20
lost	570	0.585332	40
lost	569	0.584747	0
lost	568	0.584162	40
lost	567	0.583578	-20
lost	566	0.582994	20
lost	565	0.582411	0
lost	564	0.581829	20
lost	563	0.581247	20
lost	562	0.580666	0
lost	561	0.580085	60
lost	560	0.579505	20
win	559	0.578926	154
lost	558	0.578347	0
lost	557	0.577768	60
lost	556	0.577191	120
lost	555	0.576613	80
lost	554	0.576037	40
lost	553	0.575461	0
lost	552	0.574885	82
lost	551	0.57431	60
lost	550	0.573736	40
win	549	0.573162	174
win	548	0.572589	168
lost	547	0.572017	40
lost	546	0.571445	100
lost	545	0.570873	40
lost	544	0.570302	80
lost	543	0.569732	-40
lost	542	0.569162	40
lost	541	0.568593	100
lost	540	0.568025	20
lost	539	0.567457	0
lost	538	0.566889	0
lost	537	0.566322	120
lost	536	0.565756	-40
lost	535	0.56519	20
win	534	0.564625	162
lost	533	0.56406	0
lost	532	0.563496	42
lost	531	0.562933	20
lost	530	0.56237	20
lost	529	0.561807	100
lost	528	0.561246	-20
win	527	0.560684	180
lost	526	0.560124	20
lost	525	0.559564	120
lost	524	0.559004	120
lost	523	0.558445	80
win	522	0.557887	186
win	521	0.557329	168
lost	520	0.556771	60
lost	519	0.556215	80
win	518	0.555658	198
lost	517	0.555103	120
lost	516	0.554548	20
win	515	0.553993	198
lost	514	0.553439	0
lost	513	0.552886	60
lost	512	0.552333	0
lost	511	0.55178	40
lost	510	0.551229	20
lost	509	0.550677	100
lost	508	0.550127	-20
lost	507	0.549577	40
lost	506	0.549027	80
win	505	0.548478	198
win	504	0.547929	210
lost	503	0.547382	0
lost	502	0.546834	-18
lost	501	0.546287	80
lost	500	0.545741	0
lost	499	0.545195	-40
win	498	0.54465	186
lost	497	0.544105	40
win	496	0.543561	162
lost	495	0.543018	-40
lost	494	0.542475	80
lost	493	0.541932	120
lost	492	0.54139	140
win	491	0.540849	186
win	490	0.540308	204
win	489	0.539768	186
lost	488	0.539228	120
lost	487	0.538689	60
lost	486	0.53815	40
win	485	0.537612	154
lost	484	0.537074	40
lost	483	0.536537	120
win	482	0.536001	140
lost	481	0.535465	-40
win	480	0.534929	210
lost	479	0.534394	120
lost	478	0.53386	120
lost	477	0.533326	120
win	476	0.532793	168
win	475	0.53226	168
lost	474	0.531728	60
win	473	0.531196	186
lost	472	0.530665	100
lost	471	0.530134	0
lost	470	0.529604	0
lost	469	0.529074	140
lost	468	0.528545	-18
lost	467	0.528017	0
lost	466	0.527489	120
win	465	0.526961	180
lost	464	0.526434	40
lost	463	0.525908	20
win	462	0.525382	168
lost	461	0.524857	102
lost	460	0.524332	0
lost	459	0.523807	-20
lost	458	0.523284	0
win	457	0.52276	160
lost	456	0.522238	80
win	455	0.521715	204
lost	454	0.521194	120
lost	453	0.520672	120
lost	452	0.520152	40
lost	451	0.519632	20
lost	450	0.519112	40
lost	449	0.518593	20
win	448	0.518074	162
lost	447	0.517556	0
lost	446	0.517039	40
win	445	0.516522	180
win	444	0.516005	186
lost	443	0.515489	0
lost	442	0.514974	60
lost	441	0.514459	140
win	440	0.513944	180
lost	439	0.51343	-40
lost	438	0.512917	80
lost	437	0.512404	-40
lost	436	0.511891	40
lost	435	0.51138	0
win	434	0.510868	168
lost	433	0.510357	20
lost	432	0.509847	42
lost	431	0.509337	20
lost	430	0.508828	-40
lost	429	0.508319	0
win	428	0.507811	168
lost	427	0.507303	40
lost	426	0.506796	0
lost	425	0.506289	20
lost	424	0.505782	60
win	423	0.505277	160
lost	422	0.504771	80
lost	421	0.504267	60
lost	420	0.503762	140
lost	419	0.503259	40
lost	418	0.502755	0
lost	417	0.502253	0
lost	416	0.50175	60
lost	415	0.501249	120
lost	414	0.500747	0
win	413	0.500247	168
lost	412	0.499746	120
lost	411	0.499247	-40
lost	410	0.498747	20
win	409	0.498249	160
lost	408	0.49775	82
lost	407	0.497253	120
win	406	0.496755	168
lost	405	0.496259	120
lost	404	0.495762	0
lost	403	0.495267	80
lost	402	0.494771	120
lost	401	0.494276	120
lost	400	0.493782	-40
lost	399	0.493288	80
lost	398	0.492795	120
lost	397	0.492302	0
lost	396	0.49181	0
win	395	0.491318	180
lost	394	0.490827	0
lost	393	0.490336	80
lost	392	0.489846	20
lost	391	0.489356	80
lost	390	0.488867	40
lost	389	0.488378	-20
lost	388	0.487889	60
lost	387	0.487401	120
lost	386	0.486914	40
win	385	0.486427	180
lost	384	0.485941	20
lost	383	0.485455	0
win	382	0.484969	216
lost	381	0.484484	0
win	380	0.484	174
lost	379	0.483516	20
win	378	0.483032	162
lost	377	0.482549	20
lost	376	0.482067	120
lost	375	0.481585	20
win	374	0.481103	204
lost	373	0.480622	20
win	372	0.480141	192
lost	371	0.479661	0
lost	370	0.479182	20
lost	369	0.478702	140
win	368	0.478224	168
lost	367	0.477745	20
lost	366	0.477268	-20
lost	365	0.47679	80
lost	364	0.476314	-40
win	363	0.475837	168
lost	362	0.475361	40
lost	361	0.474886	80
lost	360	0.474411	120
lost	359	0.473937	120
lost	358	0.473463	20
win	357	0.472989	180
lost	356	0.472516	20
lost	355	0.472044	60
lost	354	0.471572	100
win	353	0.4711	168
win	352	0.470629	186
win	351	0.470159	174
win	350	0.469688	162
lost	349	0.469219	80
lost	348	0.46875	40
lost	347	0.468281	40
win	346	0.467812	216
lost	345	0.467345	80
win	344	0.466877	160
win	343	0.46641	174
lost	342	0.465944	-40
lost	341	0.465478	20
win	340	0.465013	174
lost	339	0.464548	40
win	338	0.464083	174
lost	337	0.463619	100
lost	336	0.463155	80
lost	335	0.462692	0
lost	334	0.46223	0
lost	333	0.461767	80
lost	332	0.461306	120
lost	331	0.460844	80
lost	330	0.460383	-40
lost	329	0.459923	80
lost	328	0.459463	60
lost	327	0.459004	80
lost	326	0.458545	100
lost	325	0.458086	100
lost	324	0.457628	120
lost	323	0.45717	120
lost	322	0.456713	40
lost	321	0.456256	60
lost	320	0.4558	60
win	319	0.455344	174
lost	318	0.454889	140
win	317	0.454434	180
lost	316	0.45398	60
lost	315	0.453526	0
lost	314	0.453072	80
lost	313	0.452619	40
lost	312	0.452167	-40
lost	311	0.451714	120
lost	310	0.451263	60
lost	309	0.450811	-40
lost	308	0.450361	-20
win	307	0.44991	174
win	306	0.44946	184
lost	305	0.449011	120
lost	304	0.448562	120
lost	303	0.448113	120
lost	302	0.447665	80
lost	301	0.447217	40
win	300	0.44677	168
lost	299	0.446324	80
lost	298	0.445877	0
lost	297	0.445431	120
lost	296	0.444986	20
lost	295	0.444541	0
lost	294	0.444096	80
lost	293	0.443652	0
lost	292	0.443209	0
lost	291	0.442765	100
win	290	0.442323	174
lost	289	0.44188	20
lost	288	0.441438	0
lost	287	0.440997	40
lost	286	0.440556	60
lost	285	0.440115	60
lost	284	0.439675	60
lost	283	0.439236	100
lost	282	0.438796	20
lost	281	0.438358	20
lost	280	0.437919	-40
lost	279	0.437481	-40
lost	278	0.437044	-20
lost	277	0.436607	0
lost	276	0.43617	0
lost	275	0.435734	120
lost	274	0.435298	20
lost	273	0.434863	20
win	272	0.434428	168
win	271	0.433994	186
lost	270	0.43356	120
lost	269	0.433126	-20
lost	268	0.432693	80
lost	267	0.43226	0
win	266	0.431828	186
lost	265	0.431396	120
lost	264	0.430965	40
win	263	0.430534	160
lost	262	0.430103	80
lost	261	0.429673	40
lost	260	0.429244	40
lost	259	0.428814	0
win	258	0.428386	186
win	257	0.427957	198
lost	256	0.427529	0
win	255	0.427102	210
win	254	0.426675	168
lost	253	0.426248	80
lost	252	0.425822	0
lost	251	0.425396	-20
win	250	0.42497	168
lost	249	0.424545	-38
lost	248	0.424121	0
win	247	0.423697	174
lost	246	0.423273	40
lost	245	0.42285	40
lost	244	0.422427	20
lost	243	0.422005	80
win	242	0.421583	162
lost	241	0.421161	100
lost	240	0.42074	80
win	239	0.420319	154
win	238	0.419899	160
win	237	0.419479	192
lost	236	0.419059	100
win	235	0.41864	142
win	234	0.418222	174
lost	233	0.417803	60
win	232	0.417386	204
lost	231	0.416968	120
win	230	0.416551	180
lost	229	0.416135	-20
lost	228	0.415719	80
win	227	0.415303	222
lost	226	0.414888	100
win	225	0.414473	186
win	224	0.414058	174
lost	223	0.413644	0
win	222	0.41323	174
lost	221	0.412817	-20
lost	220	0.412404	60
win	219	0.411992	160
lost	218	0.41158	0
win	217	0.411168	162
win	216	0.410757	174
win	215	0.410347	204
lost	214	0.409936	40
lost	213	0.409526	140
win	212	0.409117	162
lost	211	0.408708	100
win	210	0.408299	192
lost	209	0.407891	60
lost	208	0.407483	20
lost	207	0.407075	120
win	206	0.406668	204
lost	205	0.406261	20
lost	204	0.405855	142
lost	203	0.405449	0
lost	202	0.405044	-20
lost	201	0.404639	40
win	200	0.404234	148
win	199	0.40383	192
lost	198	0.403426	-20
lost	197	0.403023	-20
lost	196	0.40262	120
win	195	0.402217	192
lost	194	0.401815	0
lost	193	0.401413	40
lost	192	0.401012	0
lost	191	0.400611	100
win	190	0.40021	192
win	189	0.39981	186
lost	188	0.39941	20
lost	187	0.399011	80
lost	186	0.398612	40
lost	185	0.398213	-20
lost	184	0.397815	0
lost	183	0.397417	-40
lost	182	0.39702	-40
win	181	0.396623	168
lost	180	0.396226	40
win	179	0.39583	186
win	178	0.395434	168
win	177	0.395038	180
lost	176	0.394643	140
lost	175	0.394249	20
lost	174	0.393854	60
lost	173	0.393461	120
lost	172	0.393067	0
win	171	0.392674	216
lost	170	0.392281	40
win	169	0.391889	174
lost	168	0.391497	0
lost	167	0.391106	40
lost	166	0.390715	120
lost	165	0.390324	-40
lost	164	0.389934	60
lost	163	0.389544	20
lost	162	0.389154	120
lost	161	0.388765	100
lost	160	0.388376	40
lost	159	0.387988	62
lost	158	0.3876	80
win	157	0.387212	160
lost	156	0.386825	40
lost	155	0.386438	0
win	154	0.386052	168
lost	153	0.385666	0
lost	152	0.38528	0
lost	151	0.384895	20
lost	150	0.38451	100
lost	149	0.384125	80
lost	148	0.383741	-40
lost	147	0.383358	120
lost	146	0.382974	80
lost	145	0.382591	-12
lost	144	0.382209	120
win	143	0.381826	174
lost	142	0.381445	80
lost	141	0.381063	0
lost	140	0.380682	20
win	139	0.380301	162
win	138	0.379921	160
win	137	0.379541	186
lost	136	0.379162	80
lost	135	0.378782	-40
win	134	0.378404	168
lost	133	0.378025	140
lost	132	0.377647	-40
lost	131	0.37727	40
lost	130	0.376892	-20
win	129	0.376515	192
win	128	0.376139	0
lost	127	0.375763	42
lost	126	0.375387	80
win	125	0.375012	222
win	124	0.374637	162
lost	123	0.374262	-40
win	122	0.373888	174
lost	121	0.373514	40
win	120	0.37314	154
lost	119	0.372767	40
win	118	0.372394	180
lost	117	0.372022	60
lost	116	0.37165	-20
lost	115	0.371278	80
lost	114	0.370907	20
lost	113	0.370536	100
win	112	0.370166	192
lost	111	0.369795	0
win	110	0.369426	168
lost	109	0.369056	0
win	108	0.368687	180
win	107	0.368318	180
win	106	0.36795	168
lost	105	0.367582	80
lost	104	0.367215	80
win	103	0.366847	180
lost	102	0.366481	60
lost	101	0.366114	140
lost	100	0.365748	2
win	99	0.365382	162
win	98	0.365017	162
win	97	0.364652	192
lost	96	0.364287	40
lost	95	0.363923	60
lost	94	0.363559	100
win	93	0.363195	168
win	92	0.362832	168
lost	91	0.362469	100
win	90	0.362107	168
win	89	0.361745	174
win	88	0.361383	192
lost	87	0.361022	20
lost	86	0.360661	0
win	85	0.3603	180
lost	84	0.35994	142
win	83	0.35958	186
lost	82	0.35922	120
win	81	0.358861	180
win	80	0.358502	180
win	79	0.358144	174
lost	78	0.357785	20
lost	77	0.357428	140
win	76	0.35707	210
lost	75	0.356713	60
lost	74	0.356356	40
lost	73	0.356	0
lost	72	0.355644	60
lost	71	0.355288	100
lost	70	0.354933	122
lost	69	0.354578	0
lost	68	0.354224	-40
lost	67	0.353869	-40
lost	66	0.353516	100
lost	65	0.353162	20
lost	64	0.352809	-40
lost	63	0.352456	120
lost	62	0.352104	-18
win	61	0.351751	162
lost	60	0.3514	-40
lost	59	0.351048	0
win	58	0.350697	168
lost	57	0.350347	100
win	56	0.349996	204
lost	55	0.349646	120
lost	54	0.349297	40
lost	53	0.348947	140
lost	52	0.348598	-40
lost	51	0.34825	0
win	50	0.347902	162
win	49	0.347554	162
win	48	0.347206	174
lost	47	0.346859	60
win	46	0.346512	162
lost	45	0.346165	40
lost	44	0.345819	20
lost	43	0.345474	20
lost	42	0.345128	20
lost	41	0.344783	100
lost	40	0.344438	120
lost	39	0.344094	20
lost	38	0.34375	120
lost	37	0.343406	100
lost	36	0.343062	0
lost	35	0.342719	60
lost	34	0.342377	40
win	33	0.342034	192
lost	32	0.341692	-40
lost	31	0.341351	-20
lost	30	0.341009	120
win	29	0.340668	174
win	28	0.340328	162
lost	27	0.339987	40
win	26	0.339647	174
lost	25	0.339308	0
lost	24	0.338968	20
lost	23	0.338629	0
lost	22	0.338291	140
lost	21	0.337952	80
lost	20	0.337614	0
lost	19	0.337277	100
lost	18	0.33694	40
lost	17	0.336603	0
win	16	0.336266	204
win	15	0.33593	168
lost	14	0.335594	60
win	13	0.335258	162
lost	12	0.334923	40
win	11	0.334588	160
win	10	0.334253	174
lost	9	0.333919	40
lost	8	0.333585	60
lost	7	0.333252	60
lost	6	0.332918	0
win	5	0.332585	174
win	4	0.332253	162
win	3	0.331921	186
win	2	0.331589	162
lost	1	0.331257	60
