lost	3000	0.9	0
lost	2999	0.8997	-20
lost	2998	0.8994	-40
lost	2997	0.8991	-40
lost	2996	0.898801	-20
lost	2995	0.898501	0
lost	2994	0.898201	0
lost	2993	0.897902	-40
lost	2992	0.897603	20
lost	2991	0.897304	40
lost	2990	0.897004	100
lost	2989	0.896705	0
lost	2988	0.896407	0
lost	2987	0.896108	-40
lost	2986	0.895809	-20
lost	2985	0.89551	20
lost	2984	0.895212	2
lost	2983	0.894914	-20
lost	2982	0.894615	0
lost	2981	0.894317	0
lost	2980	0.894019	0
lost	2979	0.893721	0
lost	2978	0.893423	80
lost	2977	0.893125	0
lost	2976	0.892828	-20
lost	2975	0.89253	-20
lost	2974	0.892232	0
lost	2973	0.891935	20
lost	2972	0.891638	0
lost	2971	0.89134	20
lost	2970	0.891043	-40
lost	2969	0.890746	0
lost	2968	0.890449	80
lost	2967	0.890153	0
lost	2966	0.889856	40
lost	2965	0.889559	0
lost	2964	0.889263	120
lost	2963	0.888966	0
lost	2962	0.88867	-40
lost	2961	0.888374	80
lost	2960	0.888078	-40
lost	2959	0.887782	20
lost	2958	0.887486	40
lost	2957	0.88719	-40
lost	2956	0.886894	20
lost	2955	0.886599	0
lost	2954	0.886303	-20
lost	2953	0.886008	-40
lost	2952	0.885712	-40
lost	2951	0.885417	42
lost	2950	0.885122	0
lost	2949	0.884827	100
lost	2948	0.884532	-40
lost	2947	0.884237	-18
lost	2946	0.883942	0
lost	2945	0.883648	-20
lost	2944	0.883353	-20
lost	2943	0.883059	-20
lost	2942	0.882764	0
lost	2941	0.88247	0
lost	2940	0.882176	80
lost	2939	0.881882	-40
lost	2938	0.881588	60
lost	2937	0.881294	60
lost	2936	0.881	22
lost	2935	0.880707	0
lost	2934	0.880413	100
lost	2933	0.88012	-40
lost	2932	0.879826	80
lost	2931	0.879533	22
lost	2930	0.87924	-40
lost	2929	0.878947	20
lost	2928	0.878654	60
lost	2927	0.878361	20
lost	2926	0.878068	0
lost	2925	0.877775	80
lost	2924	0.877483	-20
lost	2923	0.87719	0
lost	2922	0.876898	40
lost	2921	0.876605	-40
lost	2920	0.876313	82
lost	2919	0.876021	120
lost	2918	0.875729	100
lost	2917	0.875437	40
lost	2916	0.875145	-20
lost	2915	0.874854	60
lost	2914	0.874562	-40
lost	2913	0.874271	-40
lost	2912	0.873979	-40
lost	2911	0.873688	-40
lost	2910	0.873397	20
lost	2909	0.873105	-40
lost	2908	0.872814	40
lost	2907	0.872524	120
lost	2906	0.872233	-20
lost	2905	0.871942	80
lost	2904	0.871651	0
lost	2903	0.871361	-40
lost	2902	0.87107	60
lost	2901	0.87078	0
lost	2900	0.87049	20
lost	2899	0.870199	40
lost	2898	0.869909	-40
lost	2897	0.869619	20
lost	2896	0.86933	40
lost	2895	0.86904	120
lost	2894	0.86875	20
lost	2893	0.868461	-40
lost	2892	0.868171	40
lost	2891	0.867882	80
lost	2890	0.867592	0
lost	2889	0.867303	40
lost	2888	0.867014	-20
lost	2887	0.866725	0
lost	2886	0.866436	0
lost	2885	0.866147	140
lost	2884	0.865859	62
lost	2883	0.86557	40
lost	2882	0.865281	-40
lost	2881	0.864993	0
lost	2880	0.864705	80
lost	2879	0.864416	40
lost	2878	0.864128	-40
lost	2877	0.86384	40
win	2876	0.863552	168
lost	2875	0.863265	-40
lost	2874	0.862977	-18
lost	2873	0.862689	-40
lost	2872	0.862402	-40
lost	2871	0.862114	-40
lost	2870	0.861827	20
lost	2869	0.861539	-20
lost	2868	0.861252	80
lost	2867	0.860965	-40
lost	2866	0.860678	0
win	2865	0.860391	168
lost	2864	0.860104	0
lost	2863	0.859818	0
lost	2862	0.859531	-20
lost	2861	0.859245	20
lost	2860	0.858958	40
lost	2859	0.858672	80
lost	2858	0.858386	40
lost	2857	0.8581	40
win	2856	0.857814	162
lost	2855	0.857528	0
lost	2854	0.857242	-40
lost	2853	0.856956	40
lost	2852	0.85667	-20
lost	2851	0.856385	-20
lost	2850	0.856099	20
lost	2849	0.855814	-40
lost	2848	0.855529	80
lost	2847	0.855244	-20
win	2846	0.854958	180
win	2845	0.854673	174
lost	2844	0.854389	40
lost	2843	0.854104	80
lost	2842	0.853819	-40
lost	2841	0.853534	0
lost	2840	0.85325	-20
lost	2839	0.852966	0
lost	2838	0.852681	20
lost	2837	0.852397	-40
lost	2836	0.852113	-40
lost	2835	0.851829	-20
lost	2834	0.851545	-40
lost	2833	0.851261	20
lost	2832	0.850977	-40
lost	2831	0.850694	20
lost	2830	0.85041	40
lost	2829	0.850127	0
lost	2828	0.849843	-20
lost	2827	0.84956	0
lost	2826	0.849277	40
lost	2825	0.848994	-20
lost	2824	0.848711	80
lost	2823	0.848428	0
lost	2822	0.848145	40
lost	2821	0.847862	80
lost	2820	0.84758	0
lost	2819	0.847297	80
lost	2818	0.847015	0
lost	2817	0.846732	22
lost	2816	0.84645	20
lost	2815	0.846168	-20
lost	2814	0.845886	-40
lost	2813	0.845604	-20
lost	2812	0.845322	0
lost	2811	0.84504	2
lost	2810	0.844759	-20
lost	2809	0.844477	-20
lost	2808	0.844195	-40
lost	2807	0.843914	-40
lost	2806	0.843633	80
lost	2805	0.843352	-40
lost	2804	0.84307	0
lost	2803	0.842789	40
lost	2802	0.842509	40
lost	2801	0.842228	40
lost	2800	0.841947	0
lost	2799	0.841666	40
lost	2798	0.841386	0
lost	2797	0.841105	40
lost	2796	0.840825	140
lost	2795	0.840545	20
lost	2794	0.840264	80
lost	2793	0.839984	-20
win	2792	0.839704	168
lost	2791	0.839424	20
lost	2790	0.839145	20
lost	2789	0.838865	80
lost	2788	0.838585	40
lost	2787	0.838306	40
lost	2786	0.838026	0
lost	2785	0.837747	80
lost	2784	0.837468	20
lost	2783	0.837189	60
lost	2782	0.83691	0
lost	2781	0.836631	-40
lost	2780	0.836352	0
lost	2779	0.836073	20
lost	2778	0.835794	0
lost	2777	0.835516	0
lost	2776	0.835237	40
lost	2775	0.834959	60
lost	2774	0.83468	40
win	2773	0.834402	148
lost	2772	0.834124	-40
lost	2771	0.833846	-40
lost	2770	0.833568	80
lost	2769	0.83329	-20
lost	2768	0.833012	-20
lost	2767	0.832735	40
win	2766	0.832457	168
lost	2765	0.83218	-40
lost	2764	0.831902	40
lost	2763	0.831625	0
lost	2762	0.831348	80
lost	2761	0.831071	80
lost	2760	0.830794	120
lost	2759	0.830517	-20
lost	2758	0.83024	0
lost	2757	0.829963	-20
lost	2756	0.829686	120
lost	2755	0.82941	-40
lost	2754	0.829133	60
lost	2753	0.828857	-40
lost	2752	0.828581	-40
lost	2751	0.828305	80
lost	2750	0.828028	-20
lost	2749	0.827752	-40
lost	2748	0.827477	60
lost	2747	0.827201	-38
lost	2746	0.826925	-40
lost	2745	0.826649	60
lost	2744	0.826374	-20
lost	2743	0.826098	-20
lost	2742	0.825823	40
lost	2741	0.825548	0
lost	2740	0.825273	0
lost	2739	0.824997	80
lost	2738	0.824722	-40
lost	2737	0.824448	60
lost	2736	0.824173	40
lost	2735	0.823898	40
lost	2734	0.823623	0
lost	2733	0.823349	-20
lost	2732	0.823074	100
lost	2731	0.8228	80
lost	2730	0.822526	120
win	2729	0.822252	186
lost	2728	0.821977	-40
lost	2727	0.821703	20
lost	2726	0.82143	80
lost	2725	0.821156	80
lost	2724	0.820882	0
lost	2723	0.820608	80
lost	2722	0.820335	0
lost	2721	0.820061	60
lost	2720	0.819788	80
lost	2719	0.819515	20
lost	2718	0.819242	-40
lost	2717	0.818969	40
lost	2716	0.818696	0
lost	2715	0.818423	40
lost	2714	0.81815	40
lost	2713	0.817877	-20
lost	2712	0.817605	-40
lost	2711	0.817332	0
lost	2710	0.81706	40
lost	2709	0.816787	40
lost	2708	0.816515	0
lost	2707	0.816243	-40
lost	2706	0.815971	-40
lost	2705	0.815699	-40
lost	2704	0.815427	100
lost	2703	0.815155	0
lost	2702	0.814883	42
lost	2701	0.814612	-40
lost	2700	0.81434	-40
lost	2699	0.814069	80
lost	2698	0.813797	-40
lost	2697	0.813526	-40
lost	2696	0.813255	-40
lost	2695	0.812984	140
win	2694	0.812713	160
lost	2693	0.812442	-40
lost	2692	0.812171	0
lost	2691	0.8119	60
win	2690	0.81163	142
lost	2689	0.811359	-40
lost	2688	0.811089	40
lost	2687	0.810818	-40
lost	2686	0.810548	20
lost	2685	0.810278	60
lost	2684	0.810008	-40
lost	2683	0.809738	-40
lost	2682	0.809468	20
lost	2681	0.809198	-20
lost	2680	0.808928	-40
lost	2679	0.808659	-18
lost	2678	0.808389	-20
lost	2677	0.80812	60
lost	2676	0.80785	20
lost	2675	0.807581	40
lost	2674	0.807312	20
lost	2673	0.807043	40
lost	2672	0.806774	40
lost	2671	0.806505	0
lost	2670	0.806236	120
lost	2669	0.805967	80
lost	2668	0.805699	20
lost	2667	0.80543	80
lost	2666	0.805161	40
lost	2665	0.804893	0
win	2664	0.804625	168
lost	2663	0.804357	-40
lost	2662	0.804088	-40
win	2661	0.80382	162
lost	2660	0.803553	-20
lost	2659	0.803285	0
lost	2658	0.803017	0
lost	2657	0.802749	-20
lost	2656	0.802482	20
lost	2655	0.802214	40
lost	2654	0.801947	40
lost	2653	0.801679	-40
lost	2652	0.801412	0
lost	2651	0.801145	40
lost	2650	0.800878	0
lost	2649	0.800611	40
lost	2648	0.800344	120
lost	2647	0.800077	20
lost	2646	0.799811	-40
lost	2645	0.799544	-40
lost	2644	0.799278	-20
lost	2643	0.799011	60
lost	2642	0.798745	0
lost	2641	0.798479	0
lost	2640	0.798212	0
lost	2639	0.797946	-20
win	2638	0.79768	168
lost	2637	0.797414	120
lost	2636	0.797149	0
lost	2635	0.796883	-40
lost	2634	0.796617	0
lost	2633	0.796352	0
lost	2632	0.796086	-60
lost	2631	0.795821	-40
lost	2630	0.795556	-40
lost	2629	0.795291	60
lost	2628	0.795025	0
lost	2627	0.79476	42
lost	2626	0.794495	20
lost	2625	0.794231	-20
lost	2624	0.793966	60
lost	2623	0.793701	60
lost	2622	0.793437	0
lost	2621	0.793172	80
lost	2620	0.792908	60
lost	2619	0.792644	20
lost	2618	0.792379	0
lost	2617	0.792115	80
lost	2616	0.791851	40
lost	2615	0.791587	0
lost	2614	0.791323	0
lost	2613	0.79106	0
lost	2612	0.790796	40
lost	2611	0.790532	0
lost	2610	0.790269	-40
lost	2609	0.790005	-40
lost	2608	0.789742	-40
lost	2607	0.789479	40
lost	2606	0.789216	20
lost	2605	0.788953	20
lost	2604	0.78869	100
lost	2603	0.788427	20
lost	2602	0.788164	0
lost	2601	0.787901	-40
lost	2600	0.787638	20
lost	2599	0.787376	40
lost	2598	0.787113	20
lost	2597	0.786851	40
lost	2596	0.786589	0
lost	2595	0.786327	60
lost	2594	0.786065	40
lost	2593	0.785802	20
lost	2592	0.785541	40
lost	2591	0.785279	60
lost	2590	0.785017	40
lost	2589	0.784755	20
lost	2588	0.784494	20
lost	2587	0.784232	-40
lost	2586	0.783971	40
lost	2585	0.783709	80
lost	2584	0.783448	0
lost	2583	0.783187	0
lost	2582	0.782926	0
lost	2581	0.782665	-40
win	2580	0.782404	162
lost	2579	0.782143	-40
lost	2578	0.781883	20
lost	2577	0.781622	0
lost	2576	0.781361	-40
lost	2575	0.781101	60
lost	2574	0.780841	0
lost	2573	0.78058	0
lost	2572	0.78032	40
lost	2571	0.78006	-40
lost	2570	0.7798	20
lost	2569	0.77954	-40
lost	2568	0.77928	40
lost	2567	0.779021	0
lost	2566	0.778761	100
lost	2565	0.778501	40
lost	2564	0.778242	-20
lost	2563	0.777982	-40
lost	2562	0.777723	120
lost	2561	0.777464	20
lost	2560	0.777205	0
lost	2559	0.776946	-20
lost	2558	0.776687	-40
lost	2557	0.776428	120
lost	2556	0.776169	100
lost	2555	0.77591	20
lost	2554	0.775651	0
lost	2553	0.775393	-20
lost	2552	0.775134	-40
lost	2551	0.774876	0
win	2550	0.774618	180
lost	2549	0.77436	120
lost	2548	0.774101	60
lost	2547	0.773843	40
lost	2546	0.773586	0
lost	2545	0.773328	-20
lost	2544	0.77307	0
lost	2543	0.772812	-40
lost	2542	0.772555	80
lost	2541	0.772297	-20
lost	2540	0.77204	20
win	2539	0.771782	162
lost	2538	0.771525	0
lost	2537	0.771268	80
win	2536	0.771011	174
lost	2535	0.770754	40
lost	2534	0.770497	-40
lost	2533	0.77024	120
lost	2532	0.769983	0
lost	2531	0.769727	120
lost	2530	0.76947	120
lost	2529	0.769214	80
lost	2528	0.768957	-20
lost	2527	0.768701	-40
lost	2526	0.768445	-40
lost	2525	0.768188	40
lost	2524	0.767932	-20
lost	2523	0.767676	-20
win	2522	0.76742	162
lost	2521	0.767165	20
lost	2520	0.766909	60
lost	2519	0.766653	-20
lost	2518	0.766398	80
lost	2517	0.766142	-20
win	2516	0.765887	174
lost	2515	0.765632	22
lost	2514	0.765376	0
lost	2513	0.765121	40
lost	2512	0.764866	40
lost	2511	0.764611	-40
lost	2510	0.764356	60
lost	2509	0.764102	60
lost	2508	0.763847	42
lost	2507	0.763592	40
lost	2506	0.763338	80
lost	2505	0.763083	-20
lost	2504	0.762829	-40
lost	2503	0.762575	-40
lost	2502	0.762321	60
lost	2501	0.762066	-40
lost	2500	0.761812	40
lost	2499	0.761558	0
lost	2498	0.761305	80
win	2497	0.761051	222
lost	2496	0.760797	60
lost	2495	0.760544	40
lost	2494	0.76029	20
lost	2493	0.760037	0
lost	2492	0.759783	-20
lost	2491	0.75953	100
lost	2490	0.759277	-20
win	2489	0.759024	162
lost	2488	0.758771	40
lost	2487	0.758518	-40
lost	2486	0.758265	80
lost	2485	0.758012	0
lost	2484	0.75776	-40
lost	2483	0.757507	40
lost	2482	0.757254	80
lost	2481	0.757002	-40
lost	2480	0.75675	40
lost	2479	0.756497	20
lost	2478	0.756245	0
lost	2477	0.755993	140
lost	2476	0.755741	100
lost	2475	0.755489	0
lost	2474	0.755237	0
lost	2473	0.754986	100
lost	2472	0.754734	-40
lost	2471	0.754482	-40
lost	2470	0.754231	0
lost	2469	0.75398	20
lost	2468	0.753728	-40
win	2467	0.753477	174
lost	2466	0.753226	40
lost	2465	0.752975	140
lost	2464	0.752724	40
lost	2463	0.752473	20
lost	2462	0.752222	0
lost	2461	0.751971	-20
lost	2460	0.751721	80
lost	2459	0.75147	0
lost	2458	0.75122	40
lost	2457	0.750969	40
lost	2456	0.750719	-40
lost	2455	0.750469	60
lost	2454	0.750218	80
lost	2453	0.749968	0
lost	2452	0.749718	20
lost	2451	0.749468	0
lost	2450	0.749219	140
lost	2449	0.748969	0
lost	2448	0.748719	-20
lost	2447	0.74847	-40
lost	2446	0.74822	0
lost	2445	0.747971	0
lost	2444	0.747721	2
lost	2443	0.747472	40
lost	2442	0.747223	2
lost	2441	0.746974	60
lost	2440	0.746725	0
lost	2439	0.746476	0
lost	2438	0.746227	-20
lost	2437	0.745979	-20
lost	2436	0.74573	-20
lost	2435	0.745481	-20
lost	2434	0.745233	-40
lost	2433	0.744984	20
lost	2432	0.744736	20
lost	2431	0.744488	-20
lost	2430	0.74424	0
lost	2429	0.743992	-40
lost	2428	0.743744	-40
lost	2427	0.743496	-40
lost	2426	0.743248	-40
lost	2425	0.743	120
lost	2424	0.742752	-20
lost	2423	0.742505	60
win	2422	0.742257	222
lost	2421	0.74201	60
lost	2420	0.741763	60
lost	2419	0.741515	-40
lost	2418	0.741268	20
lost	2417	0.741021	0
lost	2416	0.740774	-40
lost	2415	0.740527	20
lost	2414	0.74028	0
lost	2413	0.740034	-40
lost	2412	0.739787	-40
lost	2411	0.73954	42
lost	2410	0.739294	0
lost	2409	0.739047	40
lost	2408	0.738801	-20
lost	2407	0.738555	120
lost	2406	0.738308	-40
lost	2405	0.738062	0
lost	2404	0.737816	0
lost	2403	0.73757	0
lost	2402	0.737325	0
lost	2401	0.737079	0
lost	2400	0.736833	-20
lost	2399	0.736587	-40
lost	2398	0.736342	80
win	2397	0.736097	180
win	2396	0.735851	168
lost	2395	0.735606	0
lost	2394	0.735361	0
win	2393	0.735116	162
lost	2392	0.734871	-20
lost	2391	0.734626	-40
lost	2390	0.734381	80
lost	2389	0.734136	-20
win	2388	0.733891	160
win	2387	0.733647	160
lost	2386	0.733402	0
lost	2385	0.733158	-20
lost	2384	0.732913	60
win	2383	0.732669	186
lost	2382	0.732425	-40
lost	2381	0.73218	20
lost	2380	0.731936	20
lost	2379	0.731692	0
lost	2378	0.731449	80
lost	2377	0.731205	60
lost	2376	0.730961	-20
lost	2375	0.730717	0
lost	2374	0.730474	80
lost	2373	0.73023	20
lost	2372	0.729987	-40
lost	2371	0.729744	-20
lost	2370	0.7295	20
lost	2369	0.729257	0
lost	2368	0.729014	-40
lost	2367	0.728771	40
lost	2366	0.728528	-40
lost	2365	0.728285	-40
lost	2364	0.728042	-40
lost	2363	0.7278	0
lost	2362	0.727557	80
lost	2361	0.727315	-40
lost	2360	0.727072	0
lost	2359	0.72683	22
lost	2358	0.726588	0
lost	2357	0.726345	40
lost	2356	0.726103	40
lost	2355	0.725861	40
lost	2354	0.725619	-40
lost	2353	0.725377	42
lost	2352	0.725136	60
lost	2351	0.724894	20
lost	2350	0.724652	140
lost	2349	0.724411	-20
lost	2348	0.724169	40
lost	2347	0.723928	20
lost	2346	0.723687	-20
lost	2345	0.723445	0
lost	2344	0.723204	-40
lost	2343	0.722963	20
lost	2342	0.722722	-20
lost	2341	0.722481	-20
lost	2340	0.72224	120
lost	2339	0.722	2
win	2338	0.721759	174
lost	2337	0.721518	120
lost	2336	0.721278	20
lost	2335	0.721037	-40
lost	2334	0.720797	0
win	2333	0.720557	174
lost	2332	0.720317	120
lost	2331	0.720077	120
lost	2330	0.719837	-40
lost	2329	0.719597	-40
lost	2328	0.719357	0
lost	2327	0.719117	0
lost	2326	0.718877	-20
lost	2325	0.718638	-20
lost	2324	0.718398	100
lost	2323	0.718159	-20
lost	2322	0.717919	-20
lost	2321	0.71768	20
lost	2320	0.717441	120
lost	2319	0.717202	40
lost	2318	0.716962	-40
win	2317	0.716724	168
lost	2316	0.716485	20
lost	2315	0.716246	0
lost	2314	0.716007	80
lost	2313	0.715768	-20
lost	2312	0.71553	20
lost	2311	0.715291	-20
lost	2310	0.715053	-20
lost	2309	0.714814	-20
lost	2308	0.714576	60
lost	2307	0.714338	40
lost	2306	0.7141	20
lost	2305	0.713862	22
lost	2304	0.713624	-20
lost	2303	0.713386	0
lost	2302	0.713148	40
lost	2301	0.712911	40
lost	2300	0.712673	122
lost	2299	0.712435	120
lost	2298	0.712198	-40
lost	2297	0.71196	60
lost	2296	0.711723	0
lost	2295	0.711486	0
lost	2294	0.711249	40
lost	2293	0.711012	20
lost	2292	0.710775	80
lost	2291	0.710538	0
win	2290	0.710301	198
lost	2289	0.710064	-40
lost	2288	0.709827	20
lost	2287	0.709591	40
lost	2286	0.709354	0
lost	2285	0.709118	-20
lost	2284	0.708881	120
lost	2283	0.708645	-18
lost	2282	0.708409	40
lost	2281	0.708173	60
lost	2280	0.707937	120
lost	2279	0.707701	-20
lost	2278	0.707465	80
lost	2277	0.707229	2
lost	2276	0.706993	20
lost	2275	0.706758	0
lost	2274	0.706522	-20
lost	2273	0.706287	120
lost	2272	0.706051	-20
lost	2271	0.705816	60
lost	2270	0.70558	-20
lost	2269	0.705345	0
lost	2268	0.70511	60
lost	2267	0.704875	20
win	2266	0.70464	204
lost	2265	0.704405	20
win	2264	0.704171	180
lost	2263	0.703936	40
lost	2262	0.703701	40
lost	2261	0.703467	100
lost	2260	0.703232	-40
lost	2259	0.702998	102
lost	2258	0.702763	60
lost	2257	0.702529	0
lost	2256	0.702295	120
lost	2255	0.702061	40
lost	2254	0.701827	40
lost	2253	0.701593	0
lost	2252	0.701359	20
lost	2251	0.701125	20
lost	2250	0.700891	40
lost	2249	0.700658	40
lost	2248	0.700424	-40
lost	2247	0.700191	40
lost	2246	0.699957	0
win	2245	0.699724	174
lost	2244	0.699491	120
lost	2243	0.699258	20
lost	2242	0.699025	0
lost	2241	0.698792	100
lost	2240	0.698559	-20
lost	2239	0.698326	20
lost	2238	0.698093	0
lost	2237	0.69786	-20
lost	2236	0.697628	40
lost	2235	0.697395	-40
lost	2234	0.697163	-40
lost	2233	0.69693	20
lost	2232	0.696698	60
lost	2231	0.696466	40
lost	2230	0.696234	20
lost	2229	0.696002	120
lost	2228	0.69577	20
lost	2227	0.695538	0
lost	2226	0.695306	20
lost	2225	0.695074	40
lost	2224	0.694842	20
lost	2223	0.694611	20
lost	2222	0.694379	-40
lost	2221	0.694148	20
lost	2220	0.693916	80
lost	2219	0.693685	-20
lost	2218	0.693454	0
lost	2217	0.693223	0
lost	2216	0.692992	-40
lost	2215	0.692761	80
lost	2214	0.69253	60
lost	2213	0.692299	20
lost	2212	0.692068	20
lost	2211	0.691837	20
lost	2210	0.691607	-40
lost	2209	0.691376	0
lost	2208	0.691146	100
lost	2207	0.690915	40
lost	2206	0.690685	60
lost	2205	0.690455	40
lost	2204	0.690225	60
lost	2203	0.689995	-40
lost	2202	0.689765	20
lost	2201	0.689535	140
lost	2200	0.689305	80
lost	2199	0.689075	20
lost	2198	0.688845	0
lost	2197	0.688616	0
lost	2196	0.688386	100
lost	2195	0.688157	40
lost	2194	0.687927	100
lost	2193	0.687698	40
win	2192	0.687469	168
lost	2191	0.68724	20
lost	2190	0.687011	0
lost	2189	0.686782	-40
lost	2188	0.686553	0
lost	2187	0.686324	0
lost	2186	0.686095	0
lost	2185	0.685866	0
lost	2184	0.685638	-40
lost	2183	0.685409	-20
win	2182	0.685181	192
lost	2181	0.684952	-40
lost	2180	0.684724	120
lost	2179	0.684496	-20
lost	2178	0.684268	60
lost	2177	0.68404	40
lost	2176	0.683812	-40
lost	2175	0.683584	20
lost	2174	0.683356	0
lost	2173	0.683128	100
win	2172	0.6829	198
lost	2171	0.682673	102
lost	2170	0.682445	-40
lost	2169	0.682218	60
lost	2168	0.68199	0
lost	2167	0.681763	100
lost	2166	0.681536	20
lost	2165	0.681308	0
lost	2164	0.681081	-20
win	2163	0.680854	168
lost	2162	0.680627	-20
lost	2161	0.6804	0
win	2160	0.680174	0
lost	2159	0.679947	40
lost	2158	0.67972	20
lost	2157	0.679494	-20
lost	2156	0.679267	0
lost	2155	0.679041	0
lost	2154	0.678814	120
lost	2153	0.678588	-40
lost	2152	0.678362	80
win	2151	0.678136	198
win	2150	0.67791	186
lost	2149	0.677684	60
win	2148	0.677458	0
lost	2147	0.677232	20
lost	2146	0.677006	-40
lost	2145	0.676781	40
lost	2144	0.676555	-38
lost	2143	0.67633	0
lost	2142	0.676104	40
lost	2141	0.675879	-20
lost	2140	0.675653	0
win	2139	0.675428	186
lost	2138	0.675203	80
lost	2137	0.674978	-20
lost	2136	0.674753	40
lost	2135	0.674528	0
lost	2134	0.674303	-40
win	2133	0.674079	210
lost	2132	0.673854	40
lost	2131	0.673629	0
lost	2130	0.673405	0
lost	2129	0.67318	0
lost	2128	0.672956	-40
lost	2127	0.672731	-40
lost	2126	0.672507	0
lost	2125	0.672283	-40
lost	2124	0.672059	0
lost	2123	0.671835	80
lost	2122	0.671611	60
win	2121	0.671387	162
win	2120	0.671163	174
lost	2119	0.67094	60
win	2118	0.670716	160
lost	2117	0.670492	0
lost	2116	0.670269	20
lost	2115	0.670045	-40
lost	2114	0.669822	60
lost	2113	0.669599	120
win	2112	0.669376	192
lost	2111	0.669153	40
lost	2110	0.668929	0
lost	2109	0.668707	-40
lost	2108	0.668484	20
win	2107	0.668261	162
lost	2106	0.668038	80
lost	2105	0.667815	20
lost	2104	0.667593	0
lost	2103	0.66737	-40
lost	2102	0.667148	0
lost	2101	0.666925	20
lost	2100	0.666703	0
lost	2099	0.666481	0
lost	2098	0.666259	0
lost	2097	0.666037	0
lost	2096	0.665815	0
lost	2095	0.665593	2
lost	2094	0.665371	20
lost	2093	0.665149	60
lost	2092	0.664927	60
lost	2091	0.664706	0
lost	2090	0.664484	60
lost	2089	0.664263	40
lost	2088	0.664041	20
lost	2087	0.66382	-40
lost	2086	0.663599	20
lost	2085	0.663377	40
lost	2084	0.663156	40
lost	2083	0.662935	20
lost	2082	0.662714	0
lost	2081	0.662493	-20
lost	2080	0.662272	-40
lost	2079	0.662052	0
lost	2078	0.661831	40
lost	2077	0.66161	40
lost	2076	0.66139	120
lost	2075	0.661169	-40
lost	2074	0.660949	140
lost	2073	0.660729	20
lost	2072	0.660508	40
lost	2071	0.660288	40
lost	2070	0.660068	-40
lost	2069	0.659848	0
lost	2068	0.659628	-20
lost	2067	0.659408	40
lost	2066	0.659188	42
lost	2065	0.658969	-20
lost	2064	0.658749	40
lost	2063	0.65853	-38
lost	2062	0.65831	0
lost	2061	0.658091	-20
lost	2060	0.657871	40
lost	2059	0.657652	80
lost	2058	0.657433	-40
lost	2057	0.657214	60
lost	2056	0.656994	42
win	2055	0.656775	198
lost	2054	0.656557	0
lost	2053	0.656338	80
lost	2052	0.656119	140
lost	2051	0.6559	40
lost	2050	0.655682	120
win	2049	0.655463	168
lost	2048	0.655245	0
lost	2047	0.655026	0
lost	2046	0.654808	0
win	2045	0.65459	174
lost	2044	0.654371	-40
lost	2043	0.654153	0
lost	2042	0.653935	140
win	2041	0.653717	196
lost	2040	0.653499	-40
lost	2039	0.653281	-20
lost	2038	0.653064	0
lost	2037	0.652846	0
lost	2036	0.652628	80
lost	2035	0.652411	0
win	2034	0.652193	162
lost	2033	0.651976	100
lost	2032	0.651759	40
lost	2031	0.651541	80
lost	2030	0.651324	-40
lost	2029	0.651107	80
lost	2028	0.65089	20
lost	2027	0.650673	60
lost	2026	0.650456	0
win	2025	0.650239	180
lost	2024	0.650023	-40
lost	2023	0.649806	100
lost	2022	0.649589	0
lost	2021	0.649373	40
lost	2020	0.649156	140
lost	2019	0.64894	-40
lost	2018	0.648724	-18
lost	2017	0.648507	-40
lost	2016	0.648291	100
lost	2015	0.648075	0
lost	2014	0.647859	-20
lost	2013	0.647643	-40
lost	2012	0.647427	20
lost	2011	0.647212	0
lost	2010	0.646996	60
lost	2009	0.64678	0
lost	2008	0.646565	20
lost	2007	0.646349	80
lost	2006	0.646134	80
lost	2005	0.645918	-40
win	2004	0.645703	168
lost	2003	0.645488	0
win	2002	0.645272	162
lost	2001	0.645057	60
lost	2000	0.644842	0
lost	1999	0.644627	-20
lost	1998	0.644413	60
win	1997	0.644198	162
lost	1996	0.643983	40
lost	1995	0.643768	0
lost	1994	0.643554	0
lost	1993	0.643339	-20
lost	1992	0.643125	0
lost	1991	0.64291	120
lost	1990	0.642696	-40
lost	1989	0.642482	40
win	1988	0.642268	174
lost	1987	0.642054	60
lost	1986	0.64184	-20
lost	1985	0.641626	60
lost	1984	0.641412	0
lost	1983	0.641198	20
lost	1982	0.640984	40
win	1981	0.640771	198
win	1980	0.640557	174
lost	1979	0.640343	42
lost	1978	0.64013	0
lost	1977	0.639917	-40
lost	1976	0.639703	-40
lost	1975	0.63949	-40
lost	1974	0.639277	-40
lost	1973	0.639064	40
lost	1972	0.638851	-40
win	1971	0.638638	168
win	1970	0.638425	162
lost	1969	0.638212	0
lost	1968	0.637999	0
lost	1967	0.637787	20
lost	1966	0.637574	-20
lost	1965	0.637362	40
lost	1964	0.637149	80
lost	1963	0.636937	40
lost	1962	0.636725	0
lost	1961	0.636512	-40
lost	1960	0.6363	20
lost	1959	0.636088	-20
lost	1958	0.635876	0
lost	1957	0.635664	20
lost	1956	0.635452	40
lost	1955	0.63524	0
lost	1954	0.635029	100
lost	1953	0.634817	40
lost	1952	0.634605	40
win	1951	0.634394	174
lost	1950	0.634182	80
lost	1949	0.633971	0
lost	1948	0.63376	40
lost	1947	0.633548	100
lost	1946	0.633337	-40
lost	1945	0.633126	60
lost	1944	0.632915	0
lost	1943	0.632704	120
lost	1942	0.632493	0
lost	1941	0.632282	60
lost	1940	0.632072	40
lost	1939	0.631861	0
lost	1938	0.63165	80
lost	1937	0.63144	0
lost	1936	0.631229	20
win	1935	0.631019	160
lost	1934	0.630808	-20
lost	1933	0.630598	80
win	1932	0.630388	198
lost	1931	0.630178	40
lost	1930	0.629968	20
lost	1929	0.629758	20
lost	1928	0.629548	-20
lost	1927	0.629338	80
lost	1926	0.629128	-40
lost	1925	0.628919	140
win	1924	0.628709	204
lost	1923	0.628499	20
lost	1922	0.62829	80
lost	1921	0.62808	-20
lost	1920	0.627871	-20
lost	1919	0.627662	0
lost	1918	0.627453	60
lost	1917	0.627243	60
lost	1916	0.627034	0
lost	1915	0.626825	20
win	1914	0.626616	186
lost	1913	0.626407	80
lost	1912	0.626199	40
win	1911	0.62599	180
lost	1910	0.625781	0
lost	1909	0.625573	0
lost	1908	0.625364	60
lost	1907	0.625156	0
lost	1906	0.624947	20
lost	1905	0.624739	20
win	1904	0.624531	186
lost	1903	0.624323	0
lost	1902	0.624114	0
lost	1901	0.623906	-20
lost	1900	0.623698	100
win	1899	0.623491	168
lost	1898	0.623283	40
lost	1897	0.623075	0
lost	1896	0.622867	-20
lost	1895	0.62266	40
lost	1894	0.622452	-40
lost	1893	0.622245	-40
lost	1892	0.622037	-40
lost	1891	0.62183	-20
win	1890	0.621623	180
lost	1889	0.621415	-40
lost	1888	0.621208	-40
lost	1887	0.621001	40
lost	1886	0.620794	80
lost	1885	0.620587	40
lost	1884	0.62038	80
lost	1883	0.620174	-40
lost	1882	0.619967	0
lost	1881	0.61976	20
lost	1880	0.619554	60
lost	1879	0.619347	60
lost	1878	0.619141	-40
lost	1877	0.618934	0
lost	1876	0.618728	-40
lost	1875	0.618522	-20
lost	1874	0.618316	0
win	1873	0.618109	192
lost	1872	0.617903	0
lost	1871	0.617697	0
lost	1870	0.617492	80
lost	1869	0.617286	-20
win	1868	0.61708	168
lost	1867	0.616874	0
lost	1866	0.616669	-20
lost	1865	0.616463	0
lost	1864	0.616258	0
lost	1863	0.616052	20
win	1862	0.615847	168
lost	1861	0.615641	20
lost	1860	0.615436	-20
lost	1859	0.615231	0
lost	1858	0.615026	40
lost	1857	0.614821	40
lost	1856	0.614616	60
lost	1855	0.614411	100
lost	1854	0.614206	-40
lost	1853	0.614002	80
lost	1852	0.613797	42
lost	1851	0.613592	-20
lost	1850	0.613388	40
lost	1849	0.613183	0
lost	1848	0.612979	40
lost	1847	0.612775	-20
lost	1846	0.61257	120
lost	1845	0.612366	0
win	1844	0.612162	168
lost	1843	0.611958	62
lost	1842	0.611754	-40
lost	1841	0.61155	20
lost	1840	0.611346	40
lost	1839	0.611143	140
lost	1838	0.610939	60
lost	1837	0.610735	0
lost	1836	0.610532	80
lost	1835	0.610328	60
lost	1834	0.610125	-40
lost	1833	0.609921	100
lost	1832	0.609718	20
win	1831	0.609515	174
lost	1830	0.609312	40
lost	1829	0.609108	40
lost	1828	0.608905	140
lost	1827	0.608702	-20
lost	1826	0.6085	0
lost	1825	0.608297	-40
lost	1824	0.608094	20
lost	1823	0.607891	60
win	1822	0.607689	162
lost	1821	0.607486	-60
lost	1820	0.607284	120
lost	1819	0.607081	20
lost	1818	0.606879	0
win	1817	0.606676	186
lost	1816	0.606474	40
lost	1815	0.606272	40
win	1814	0.60607	162
lost	1813	0.605868	0
lost	1812	0.605666	0
lost	1811	0.605464	62
lost	1810	0.605262	0
lost	1809	0.605061	80
lost	1808	0.604859	40
lost	1807	0.604657	120
lost	1806	0.604456	20
lost	1805	0.604254	40
lost	1804	0.604053	40
lost	1803	0.603851	60
lost	1802	0.60365	80
win	1801	0.603449	174
lost	1800	0.603248	-40
lost	1799	0.603047	-40
lost	1798	0.602846	0
lost	1797	0.602645	-20
lost	1796	0.602444	40
lost	1795	0.602243	0
lost	1794	0.602042	40
lost	1793	0.601842	0
lost	1792	0.601641	80
lost	1791	0.60144	0
lost	1790	0.60124	40
lost	1789	0.60104	20
lost	1788	0.600839	60
lost	1787	0.600639	-40
lost	1786	0.600439	100
lost	1785	0.600239	80
lost	1784	0.600039	80
lost	1783	0.599839	0
lost	1782	0.599639	40
lost	1781	0.599439	80
lost	1780	0.599239	0
lost	1779	0.599039	40
win	1778	0.598839	174
lost	1777	0.59864	40
lost	1776	0.59844	60
win	1775	0.598241	162
win	1774	0.598041	186
lost	1773	0.597842	40
lost	1772	0.597643	40
lost	1771	0.597444	20
lost	1770	0.597244	40
win	1769	0.597045	180
lost	1768	0.596846	60
lost	1767	0.596647	-40
lost	1766	0.596448	40
win	1765	0.59625	180
lost	1764	0.596051	60
win	1763	0.595852	160
lost	1762	0.595654	0
lost	1761	0.595455	40
lost	1760	0.595257	-40
lost	1759	0.595058	0
lost	1758	0.59486	20
lost	1757	0.594662	0
lost	1756	0.594463	-20
lost	1755	0.594265	40
lost	1754	0.594067	0
lost	1753	0.593869	0
lost	1752	0.593671	0
lost	1751	0.593473	-40
lost	1750	0.593275	80
lost	1749	0.593078	0
lost	1748	0.59288	60
win	1747	0.592682	162
lost	1746	0.592485	20
win	1745	0.592287	174
lost	1744	0.59209	20
lost	1743	0.591892	60
lost	1742	0.591695	100
lost	1741	0.591498	0
lost	1740	0.591301	-40
lost	1739	0.591104	120
lost	1738	0.590907	0
lost	1737	0.59071	-40
lost	1736	0.590513	80
lost	1735	0.590316	40
lost	1734	0.590119	20
lost	1733	0.589922	80
lost	1732	0.589726	60
win	1731	0.589529	180
win	1730	0.589333	168
lost	1729	0.589136	0
lost	1728	0.58894	40
lost	1727	0.588744	80
lost	1726	0.588547	40
lost	1725	0.588351	0
lost	1724	0.588155	-40
lost	1723	0.587959	20
lost	1722	0.587763	0
lost	1721	0.587567	120
lost	1720	0.587371	40
lost	1719	0.587175	60
lost	1718	0.58698	80
win	1717	0.586784	204
lost	1716	0.586588	60
lost	1715	0.586393	0
win	1714	0.586197	162
lost	1713	0.586002	40
lost	1712	0.585807	-40
lost	1711	0.585611	20
lost	1710	0.585416	-40
lost	1709	0.585221	140
lost	1708	0.585026	0
lost	1707	0.584831	60
lost	1706	0.584636	80
lost	1705	0.584441	140
lost	1704	0.584246	0
lost	1703	0.584052	0
lost	1702	0.583857	-40
lost	1701	0.583662	120
lost	1700	0.583468	-20
lost	1699	0.583273	120
lost	1698	0.583079	-20
win	1697	0.582884	174
win	1696	0.58269	186
lost	1695	0.582496	20
lost	1694	0.582302	80
lost	1693	0.582108	0
lost	1692	0.581914	80
lost	1691	0.58172	-20
lost	1690	0.581526	0
lost	1689	0.581332	20
lost	1688	0.581138	60
lost	1687	0.580944	-40
win	1686	0.580751	186
win	1685	0.580557	198
lost	1684	0.580364	-40
lost	1683	0.58017	40
lost	1682	0.579977	0
lost	1681	0.579784	40
lost	1680	0.57959	0
lost	1679	0.579397	60
lost	1678	0.579204	-40
lost	1677	0.579011	-20
lost	1676	0.578818	100
win	1675	0.578625	168
lost	1674	0.578432	100
lost	1673	0.578239	120
lost	1672	0.578046	0
lost	1671	0.577854	40
lost	1670	0.577661	40
win	1669	0.577469	216
lost	1668	0.577276	-20
lost	1667	0.577084	40
lost	1666	0.576891	60
win	1665	0.576699	180
lost	1664	0.576507	-40
lost	1663	0.576315	-38
lost	1662	0.576123	0
lost	1661	0.575931	0
lost	1660	0.575739	40
lost	1659	0.575547	-20
lost	1658	0.575355	-40
lost	1657	0.575163	-40
lost	1656	0.574971	20
lost	1655	0.57478	0
win	1654	0.574588	162
lost	1653	0.574396	-20
lost	1652	0.574205	-40
lost	1651	0.574014	-20
lost	1650	0.573822	40
lost	1649	0.573631	120
lost	1648	0.57344	60
lost	1647	0.573249	0
lost	1646	0.573058	40
lost	1645	0.572867	100
lost	1644	0.572676	40
lost	1643	0.572485	80
lost	1642	0.572294	20
lost	1641	0.572103	100
win	1640	0.571912	186
lost	1639	0.571722	-40
lost	1638	0.571531	60
win	1637	0.571341	168
lost	1636	0.57115	80
lost	1635	0.57096	0
lost	1634	0.57077	60
lost	1633	0.570579	60
lost	1632	0.570389	120
lost	1631	0.570199	-40
lost	1630	0.570009	40
win	1629	0.569819	168
lost	1628	0.569629	40
lost	1627	0.569439	20
lost	1626	0.569249	60
lost	1625	0.56906	40
win	1624	0.56887	180
lost	1623	0.56868	60
lost	1622	0.568491	20
lost	1621	0.568301	0
lost	1620	0.568112	-40
lost	1619	0.567922	-40
lost	1618	0.567733	20
win	1617	0.567544	162
lost	1616	0.567355	-40
lost	1615	0.567165	0
lost	1614	0.566976	60
lost	1613	0.566787	80
lost	1612	0.566599	20
lost	1611	0.56641	20
win	1610	0.566221	160
lost	1609	0.566032	-40
lost	1608	0.565843	0
lost	1607	0.565655	80
lost	1606	0.565466	120
win	1605	0.565278	160
lost	1604	0.565089	40
lost	1603	0.564901	20
lost	1602	0.564713	0
lost	1601	0.564524	60
lost	1600	0.564336	20
lost	1599	0.564148	80
lost	1598	0.56396	20
lost	1597	0.563772	0
lost	1596	0.563584	80
lost	1595	0.563396	60
lost	1594	0.563209	40
lost	1593	0.563021	0
lost	1592	0.562833	0
lost	1591	0.562646	0
lost	1590	0.562458	140
lost	1589	0.56227	40
lost	1588	0.562083	-40
lost	1587	0.561896	-20
lost	1586	0.561708	20
lost	1585	0.561521	60
lost	1584	0.561334	-20
lost	1583	0.561147	20
lost	1582	0.56096	0
win	1581	0.560773	168
lost	1580	0.560586	-40
lost	1579	0.560399	80
win	1578	0.560212	162
lost	1577	0.560026	-40
lost	1576	0.559839	20
lost	1575	0.559652	60
win	1574	0.559466	168
lost	1573	0.559279	20
lost	1572	0.559093	40
lost	1571	0.558906	-40
lost	1570	0.55872	40
lost	1569	0.558534	20
lost	1568	0.558348	120
lost	1567	0.558162	40
lost	1566	0.557976	140
lost	1565	0.55779	0
lost	1564	0.557604	-40
lost	1563	0.557418	-20
lost	1562	0.557232	20
lost	1561	0.557046	20
lost	1560	0.55686	140
lost	1559	0.556675	40
lost	1558	0.556489	120
lost	1557	0.556304	20
lost	1556	0.556118	40
lost	1555	0.555933	140
lost	1554	0.555748	140
lost	1553	0.555562	80
lost	1552	0.555377	80
lost	1551	0.555192	0
lost	1550	0.555007	-20
lost	1549	0.554822	60
lost	1548	0.554637	40
lost	1547	0.554452	0
lost	1546	0.554267	20
lost	1545	0.554083	20
lost	1544	0.553898	-40
lost	1543	0.553713	60
lost	1542	0.553529	-20
win	1541	0.553344	168
lost	1540	0.55316	20
lost	1539	0.552975	-40
win	1538	0.552791	204
lost	1537	0.552607	-40
lost	1536	0.552423	42
lost	1535	0.552239	120
win	1534	0.552054	186
lost	1533	0.55187	60
lost	1532	0.551686	-20
lost	1531	0.551503	60
lost	1530	0.551319	100
lost	1529	0.551135	40
lost	1528	0.550951	80
lost	1527	0.550768	40
lost	1526	0.550584	100
lost	1525	0.5504	-20
win	1524	0.550217	162
lost	1523	0.550034	-40
lost	1522	0.54985	0
lost	1521	0.549667	20
lost	1520	0.549484	0
lost	1519	0.549301	-40
lost	1518	0.549117	60
lost	1517	0.548934	80
lost	1516	0.548751	80
lost	1515	0.548569	0
lost	1514	0.548386	-20
lost	1513	0.548203	20
win	1512	0.54802	174
lost	1511	0.547837	-40
lost	1510	0.547655	2
lost	1509	0.547472	-20
lost	1508	0.54729	20
lost	1507	0.547107	60
lost	1506	0.546925	100
lost	1505	0.546743	40
lost	1504	0.54656	40
lost	1503	0.546378	80
lost	1502	0.546196	100
lost	1501	0.546014	0
lost	1500	0.545832	80
lost	1499	0.54565	-20
lost	1498	0.545468	120
win	1497	0.545286	174
lost	1496	0.545105	120
lost	1495	0.544923	20
lost	1494	0.544741	20
lost	1493	0.54456	0
lost	1492	0.544378	-40
lost	1491	0.544197	-40
win	1490	0.544015	162
lost	1489	0.543834	80
lost	1488	0.543653	40
lost	1487	0.543472	-40
lost	1486	0.54329	-40
lost	1485	0.543109	120
lost	1484	0.542928	140
lost	1483	0.542747	0
lost	1482	0.542566	0
lost	1481	0.542386	20
lost	1480	0.542205	20
lost	1479	0.542024	-40
lost	1478	0.541843	100
lost	1477	0.541663	80
win	1476	0.541482	192
lost	1475	0.541302	60
lost	1474	0.541121	20
lost	1473	0.540941	0
lost	1472	0.540761	2
lost	1471	0.54058	0
lost	1470	0.5404	40
lost	1469	0.54022	0
lost	1468	0.54004	0
lost	1467	0.53986	0
lost	1466	0.53968	-40
lost	1465	0.5395	0
lost	1464	0.53932	100
win	1463	0.53914	180
lost	1462	0.538961	20
win	1461	0.538781	168
lost	1460	0.538601	0
lost	1459	0.538422	40
win	1458	0.538242	168
lost	1457	0.538063	80
lost	1456	0.537884	20
lost	1455	0.537704	20
lost	1454	0.537525	62
lost	1453	0.537346	-20
lost	1452	0.537167	40
lost	1451	0.536988	0
win	1450	0.536809	204
lost	1449	0.53663	-40
lost	1448	0.536451	100
lost	1447	0.536272	40
lost	1446	0.536093	80
lost	1445	0.535915	0
lost	1444	0.535736	20
lost	1443	0.535557	80
lost	1442	0.535379	-40
lost	1441	0.535201	-20
lost	1440	0.535022	-40
lost	1439	0.534844	140
lost	1438	0.534665	-20
lost	1437	0.534487	100
lost	1436	0.534309	20
lost	1435	0.534131	60
lost	1434	0.533953	0
win	1433	0.533775	198
lost	1432	0.533597	60
lost	1431	0.533419	0
lost	1430	0.533241	20
lost	1429	0.533064	-20
win	1428	0.532886	180
lost	1427	0.532708	60
lost	1426	0.532531	0
lost	1425	0.532353	40
lost	1424	0.532176	20
lost	1423	0.531998	120
lost	1422	0.531821	0
lost	1421	0.531644	40
lost	1420	0.531467	100
lost	1419	0.531289	0
lost	1418	0.531112	0
lost	1417	0.530935	60
lost	1416	0.530758	40
lost	1415	0.530581	-20
lost	1414	0.530405	0
win	1413	0.530228	198
lost	1412	0.530051	0
lost	1411	0.529874	-40
win	1410	0.529698	162
win	1409	0.529521	198
lost	1408	0.529345	60
lost	1407	0.529168	-40
lost	1406	0.528992	80
lost	1405	0.528815	20
lost	1404	0.528639	140
lost	1403	0.528463	100
lost	1402	0.528287	40
lost	1401	0.528111	40
lost	1400	0.527935	60
lost	1399	0.527759	0
lost	1398	0.527583	-40
lost	1397	0.527407	20
lost	1396	0.527231	140
win	1395	0.527055	162
lost	1394	0.52688	40
lost	1393	0.526704	100
win	1392	0.526528	180
lost	1391	0.526353	40
lost	1390	0.526178	40
lost	1389	0.526002	20
lost	1388	0.525827	0
lost	1387	0.525652	-40
win	1386	0.525476	180
lost	1385	0.525301	-20
lost	1384	0.525126	80
lost	1383	0.524951	-20
lost	1382	0.524776	-40
lost	1381	0.524601	0
lost	1380	0.524426	120
lost	1379	0.524251	60
win	1378	0.524077	162
win	1377	0.523902	162
lost	1376	0.523727	40
lost	1375	0.523553	40
lost	1374	0.523378	-40
lost	1373	0.523204	20
win	1372	0.523029	168
win	1371	0.522855	162
lost	1370	0.522681	-40
lost	1369	0.522507	0
lost	1368	0.522332	0
lost	1367	0.522158	20
lost	1366	0.521984	80
win	1365	0.52181	160
lost	1364	0.521636	60
lost	1363	0.521462	0
lost	1362	0.521289	120
lost	1361	0.521115	0
lost	1360	0.520941	20
lost	1359	0.520767	40
lost	1358	0.520594	80
lost	1357	0.52042	100
lost	1356	0.520247	-40
lost	1355	0.520073	140
lost	1354	0.5199	40
lost	1353	0.519727	120
lost	1352	0.519554	60
win	1351	0.51938	180
lost	1350	0.519207	20
lost	1349	0.519034	0
lost	1348	0.518861	140
lost	1347	0.518688	20
lost	1346	0.518515	-40
lost	1345	0.518342	-40
win	1344	0.51817	180
lost	1343	0.517997	120
lost	1342	0.517824	40
lost	1341	0.517652	0
lost	1340	0.517479	0
lost	1339	0.517307	-40
lost	1338	0.517134	60
lost	1337	0.516962	20
lost	1336	0.516789	-40
win	1335	0.516617	186
lost	1334	0.516445	20
lost	1333	0.516273	0
lost	1332	0.516101	20
lost	1331	0.515929	80
lost	1330	0.515757	-40
lost	1329	0.515585	40
lost	1328	0.515413	-40
lost	1327	0.515241	0
lost	1326	0.515069	40
lost	1325	0.514898	120
lost	1324	0.514726	0
win	1323	0.514555	162
lost	1322	0.514383	40
win	1321	0.514212	168
lost	1320	0.51404	60
lost	1319	0.513869	20
lost	1318	0.513698	60
lost	1317	0.513526	40
lost	1316	0.513355	-40
lost	1315	0.513184	80
win	1314	0.513013	174
lost	1313	0.512842	40
lost	1312	0.512671	60
win	1311	0.5125	192
lost	1310	0.512329	60
lost	1309	0.512158	-20
lost	1308	0.511988	120
lost	1307	0.511817	120
lost	1306	0.511647	0
lost	1305	0.511476	-18
lost	1304	0.511305	20
lost	1303	0.511135	60
lost	1302	0.510965	60
lost	1301	0.510794	-20
lost	1300	0.510624	0
lost	1299	0.510454	100
lost	1298	0.510284	100
lost	1297	0.510114	60
lost	1296	0.509944	0
win	1295	0.509774	186
lost	1294	0.509604	-40
lost	1293	0.509434	0
lost	1292	0.509264	20
lost	1291	0.509094	80
lost	1290	0.508925	40
lost	1289	0.508755	0
win	1288	0.508585	0
lost	1287	0.508416	40
lost	1286	0.508246	-40
lost	1285	0.508077	20
lost	1284	0.507908	-40
lost	1283	0.507738	120
lost	1282	0.507569	80
lost	1281	0.5074	-20
lost	1280	0.507231	-20
lost	1279	0.507062	80
lost	1278	0.506893	40
win	1277	0.506724	180
lost	1276	0.506555	-20
lost	1275	0.506386	60
lost	1274	0.506217	20
lost	1273	0.506048	0
lost	1272	0.50588	-40
lost	1271	0.505711	0
lost	1270	0.505542	80
lost	1269	0.505374	60
win	1268	0.505205	192
lost	1267	0.505037	60
lost	1266	0.504869	120
lost	1265	0.5047	140
lost	1264	0.504532	40
lost	1263	0.504364	80
lost	1262	0.504196	20
lost	1261	0.504028	20
lost	1260	0.50386	40
lost	1259	0.503692	0
lost	1258	0.503524	0
lost	1257	0.503356	-40
lost	1256	0.503188	20
lost	1255	0.503021	80
lost	1254	0.502853	0
lost	1253	0.502685	-40
lost	1252	0.502518	0
lost	1251	0.50235	0
lost	1250	0.502183	-40
lost	1249	0.502015	-20
lost	1248	0.501848	40
win	1247	0.501681	174
lost	1246	0.501514	-20
lost	1245	0.501346	140
lost	1244	0.501179	0
win	1243	0.501012	162
lost	1242	0.500845	0
win	1241	0.500678	174
lost	1240	0.500511	42
win	1239	0.500345	180
lost	1238	0.500178	80
lost	1237	0.500011	100
win	1236	0.499844	162
lost	1235	0.499678	60
lost	1234	0.499511	82
lost	1233	0.499345	80
win	1232	0.499178	162
lost	1231	0.499012	20
lost	1230	0.498845	40
win	1229	0.498679	162
lost	1228	0.498513	0
lost	1227	0.498347	-40
lost	1226	0.498181	0
lost	1225	0.498015	60
lost	1224	0.497849	20
lost	1223	0.497683	100
lost	1222	0.497517	20
lost	1221	0.497351	140
win	1220	0.497185	186
lost	1219	0.497019	100
lost	1218	0.496854	0
lost	1217	0.496688	40
lost	1216	0.496523	40
lost	1215	0.496357	40
lost	1214	0.496192	-20
win	1213	0.496026	198
lost	1212	0.495861	0
lost	1211	0.495696	40
lost	1210	0.49553	120
lost	1209	0.495365	120
lost	1208	0.4952	0
lost	1207	0.495035	0
lost	1206	0.49487	40
lost	1205	0.494705	0
lost	1204	0.49454	0
win	1203	0.494375	210
lost	1202	0.49421	100
lost	1201	0.494046	-40
lost	1200	0.493881	60
lost	1199	0.493716	80
lost	1198	0.493552	-40
lost	1197	0.493387	-20
lost	1196	0.493223	40
lost	1195	0.493058	20
lost	1194	0.492894	120
lost	1193	0.49273	80
win	1192	0.492566	162
lost	1191	0.492401	0
lost	1190	0.492237	-40
lost	1189	0.492073	40
win	1188	0.491909	204
win	1187	0.491745	168
lost	1186	0.491581	40
lost	1185	0.491417	120
win	1184	0.491254	162
lost	1183	0.49109	20
lost	1182	0.490926	120
lost	1181	0.490763	0
lost	1180	0.490599	-40
win	1179	0.490435	168
lost	1178	0.490272	-40
lost	1177	0.490109	140
lost	1176	0.489945	60
lost	1175	0.489782	80
lost	1174	0.489619	82
lost	1173	0.489455	100
lost	1172	0.489292	-20
lost	1171	0.489129	-40
lost	1170	0.488966	20
lost	1169	0.488803	60
lost	1168	0.48864	80
lost	1167	0.488477	40
win	1166	0.488314	174
lost	1165	0.488152	20
lost	1164	0.487989	100
win	1163	0.487826	162
lost	1162	0.487664	-20
lost	1161	0.487501	40
lost	1160	0.487339	40
lost	1159	0.487176	40
lost	1158	0.487014	-20
lost	1157	0.486851	120
lost	1156	0.486689	80
lost	1155	0.486527	20
lost	1154	0.486365	120
win	1153	0.486203	168
lost	1152	0.486041	82
lost	1151	0.485879	40
lost	1150	0.485717	80
lost	1149	0.485555	-40
lost	1148	0.485393	20
win	1147	0.485231	180
lost	1146	0.485069	0
win	1145	0.484908	162
lost	1144	0.484746	20
win	1143	0.484584	0
lost	1142	0.484423	80
lost	1141	0.484261	0
lost	1140	0.4841	0
lost	1139	0.483939	80
lost	1138	0.483777	0
lost	1137	0.483616	80
lost	1136	0.483455	-40
lost	1135	0.483294	-40
lost	1134	0.483133	20
lost	1133	0.482972	-40
lost	1132	0.482811	-20
lost	1131	0.48265	80
win	1130	0.482489	162
lost	1129	0.482328	140
lost	1128	0.482167	60
lost	1127	0.482006	40
win	1126	0.481846	174
lost	1125	0.481685	-40
lost	1124	0.481525	80
lost	1123	0.481364	0
lost	1122	0.481204	0
lost	1121	0.481043	40
lost	1120	0.480883	40
lost	1119	0.480723	-40
lost	1118	0.480562	-20
win	1117	0.480402	222
lost	1116	0.480242	-20
lost	1115	0.480082	120
win	1114	0.479922	162
lost	1113	0.479762	40
lost	1112	0.479602	20
lost	1111	0.479442	68
lost	1110	0.479282	60
lost	1109	0.479123	100
lost	1108	0.478963	20
lost	1107	0.478803	120
lost	1106	0.478644	120
lost	1105	0.478484	120
lost	1104	0.478325	20
lost	1103	0.478165	0
lost	1102	0.478006	40
lost	1101	0.477846	-40
lost	1100	0.477687	-40
lost	1099	0.477528	-20
lost	1098	0.477369	140
lost	1097	0.47721	0
win	1096	0.47705	198
lost	1095	0.476891	100
lost	1094	0.476732	40
lost	1093	0.476574	40
lost	1092	0.476415	40
lost	1091	0.476256	60
lost	1090	0.476097	-40
lost	1089	0.475938	20
lost	1088	0.47578	100
lost	1087	0.475621	80
lost	1086	0.475463	-20
lost	1085	0.475304	120
lost	1084	0.475146	40
lost	1083	0.474987	0
lost	1082	0.474829	60
lost	1081	0.474671	40
lost	1080	0.474513	60
lost	1079	0.474354	0
lost	1078	0.474196	-20
win	1077	0.474038	204
lost	1076	0.47388	20
lost	1075	0.473722	40
win	1074	0.473564	168
lost	1073	0.473406	-40
win	1072	0.473249	204
lost	1071	0.473091	-20
lost	1070	0.472933	40
win	1069	0.472776	160
lost	1068	0.472618	0
lost	1067	0.47246	0
lost	1066	0.472303	0
lost	1065	0.472146	120
lost	1064	0.471988	-40
lost	1063	0.471831	-40
lost	1062	0.471674	20
lost	1061	0.471516	40
lost	1060	0.471359	60
lost	1059	0.471202	60
lost	1058	0.471045	60
win	1057	0.470888	174
lost	1056	0.470731	20
lost	1055	0.470574	0
lost	1054	0.470417	-20
lost	1053	0.47026	140
lost	1052	0.470104	-20
lost	1051	0.469947	0
lost	1050	0.46979	0
win	1049	0.469634	198
lost	1048	0.469477	100
lost	1047	0.469321	20
lost	1046	0.469164	40
lost	1045	0.469008	0
lost	1044	0.468851	80
lost	1043	0.468695	100
lost	1042	0.468539	-20
lost	1041	0.468383	100
lost	1040	0.468227	-20
lost	1039	0.468071	-20
lost	1038	0.467915	80
lost	1037	0.467759	100
lost	1036	0.467603	100
lost	1035	0.467447	40
lost	1034	0.467291	40
win	1033	0.467135	168
lost	1032	0.46698	-20
lost	1031	0.466824	0
win	1030	0.466668	162
lost	1029	0.466513	42
lost	1028	0.466357	100
lost	1027	0.466202	80
lost	1026	0.466046	40
lost	1025	0.465891	0
lost	1024	0.465736	0
win	1023	0.46558	198
win	1022	0.465425	180
lost	1021	0.46527	60
win	1020	0.465115	198
lost	1019	0.46496	60
lost	1018	0.464805	100
lost	1017	0.46465	20
lost	1016	0.464495	100
lost	1015	0.46434	80
lost	1014	0.464186	80
lost	1013	0.464031	100
lost	1012	0.463876	-20
lost	1011	0.463722	0
lost	1010	0.463567	60
lost	1009	0.463412	20
lost	1008	0.463258	-20
lost	1007	0.463104	0
lost	1006	0.462949	-20
lost	1005	0.462795	60
lost	1004	0.462641	0
lost	1003	0.462486	80
lost	1002	0.462332	140
lost	1001	0.462178	60
lost	1000	0.462024	-20
lost	999	0.46187	100
lost	998	0.461716	0
win	997	0.461562	160
lost	996	0.461408	20
lost	995	0.461255	60
lost	994	0.461101	-40
lost	993	0.460947	20
lost	992	0.460793	-20
lost	991	0.46064	-40
lost	990	0.460486	62
lost	989	0.460333	140
lost	988	0.460179	60
lost	987	0.460026	-20
win	986	0.459873	204
lost	985	0.459719	-20
lost	984	0.459566	2
lost	983	0.459413	120
lost	982	0.45926	120
lost	981	0.459107	120
lost	980	0.458954	-20
win	979	0.458801	160
lost	978	0.458648	122
lost	977	0.458495	40
lost	976	0.458342	142
lost	975	0.458189	120
lost	974	0.458036	60
lost	973	0.457884	40
lost	972	0.457731	80
lost	971	0.457579	-40
lost	970	0.457426	20
win	969	0.457274	180
win	968	0.457121	210
lost	967	0.456969	60
lost	966	0.456816	40
lost	965	0.456664	-40
lost	964	0.456512	40
lost	963	0.45636	-20
lost	962	0.456208	-40
win	961	0.456056	180
lost	960	0.455904	40
lost	959	0.455752	-40
lost	958	0.4556	20
lost	957	0.455448	20
lost	956	0.455296	40
lost	955	0.455144	0
win	954	0.454993	210
win	953	0.454841	198
lost	952	0.454689	-20
lost	951	0.454538	0
lost	950	0.454386	60
lost	949	0.454235	62
win	948	0.454083	180
lost	947	0.453932	-40
lost	946	0.453781	80
lost	945	0.453629	120
win	944	0.453478	168
lost	943	0.453327	0
lost	942	0.453176	120
lost	941	0.453025	-40
lost	940	0.452874	20
lost	939	0.452723	60
lost	938	0.452572	40
lost	937	0.452421	60
lost	936	0.45227	60
win	935	0.45212	192
lost	934	0.451969	20
win	933	0.451818	216
lost	932	0.451668	40
lost	931	0.451517	60
lost	930	0.451367	20
lost	929	0.451216	80
win	928	0.451066	186
lost	927	0.450915	0
lost	926	0.450765	40
win	925	0.450615	162
lost	924	0.450465	-20
lost	923	0.450314	-40
lost	922	0.450164	40
lost	921	0.450014	62
lost	920	0.449864	-40
lost	919	0.449714	0
win	918	0.449564	174
lost	917	0.449415	40
lost	916	0.449265	20
lost	915	0.449115	-20
lost	914	0.448965	40
win	913	0.448816	174
win	912	0.448666	186
lost	911	0.448516	80
lost	910	0.448367	0
lost	909	0.448217	0
lost	908	0.448068	60
lost	907	0.447919	0
lost	906	0.447769	140
lost	905	0.44762	0
lost	904	0.447471	40
lost	903	0.447322	120
lost	902	0.447173	140
win	901	0.447024	162
lost	900	0.446875	-40
lost	899	0.446726	100
lost	898	0.446577	60
lost	897	0.446428	120
lost	896	0.446279	120
lost	895	0.44613	0
lost	894	0.445982	-20
lost	893	0.445833	0
lost	892	0.445684	0
lost	891	0.445536	80
lost	890	0.445387	0
lost	889	0.445239	-40
lost	888	0.44509	100
lost	887	0.444942	102
lost	886	0.444794	40
lost	885	0.444645	0
win	884	0.444497	186
lost	883	0.444349	40
lost	882	0.444201	0
lost	881	0.444053	60
win	880	0.443905	198
lost	879	0.443757	100
lost	878	0.443609	120
lost	877	0.443461	0
win	876	0.443313	204
lost	875	0.443166	40
lost	874	0.443018	80
lost	873	0.44287	20
lost	872	0.442723	100
win	871	0.442575	180
lost	870	0.442427	80
lost	869	0.44228	-20
lost	868	0.442133	20
win	867	0.441985	174
lost	866	0.441838	120
lost	865	0.441691	120
win	864	0.441543	168
lost	863	0.441396	20
win	862	0.441249	192
lost	861	0.441102	-40
win	860	0.440955	204
win	859	0.440808	180
win	858	0.440661	162
lost	857	0.440514	22
lost	856	0.440367	20
lost	855	0.44022	20
lost	854	0.440074	40
win	853	0.439927	162
lost	852	0.43978	0
lost	851	0.439634	20
lost	850	0.439487	100
lost	849	0.439341	0
lost	848	0.439194	100
lost	847	0.439048	20
lost	846	0.438902	-40
lost	845	0.438755	20
lost	844	0.438609	140
lost	843	0.438463	-40
lost	842	0.438317	40
lost	841	0.438171	60
win	840	0.438024	192
win	839	0.437878	162
lost	838	0.437732	80
lost	837	0.437587	60
lost	836	0.437441	140
lost	835	0.437295	0
lost	834	0.437149	40
lost	833	0.437003	0
lost	832	0.436858	120
lost	831	0.436712	40
lost	830	0.436567	0
lost	829	0.436421	20
lost	828	0.436276	40
lost	827	0.43613	20
win	826	0.435985	168
lost	825	0.435839	40
lost	824	0.435694	120
lost	823	0.435549	60
lost	822	0.435404	40
lost	821	0.435259	20
lost	820	0.435114	100
lost	819	0.434968	40
lost	818	0.434823	40
win	817	0.434679	142
lost	816	0.434534	0
lost	815	0.434389	0
lost	814	0.434244	0
win	813	0.434099	162
lost	812	0.433955	20
lost	811	0.43381	20
win	810	0.433665	162
lost	809	0.433521	-40
win	808	0.433376	142
lost	807	0.433232	40
lost	806	0.433087	80
win	805	0.432943	186
lost	804	0.432799	40
lost	803	0.432654	40
lost	802	0.43251	60
win	801	0.432366	184
win	800	0.432222	210
lost	799	0.432078	60
lost	798	0.431934	-40
lost	797	0.43179	-40
lost	796	0.431646	100
lost	795	0.431502	80
lost	794	0.431358	-40
lost	793	0.431214	-20
lost	792	0.431071	0
lost	791	0.430927	20
win	790	0.430783	162
win	789	0.43064	162
lost	788	0.430496	0
win	787	0.430353	210
lost	786	0.430209	100
lost	785	0.430066	20
lost	784	0.429922	20
lost	783	0.429779	100
lost	782	0.429636	20
lost	781	0.429493	40
lost	780	0.42935	0
lost	779	0.429206	20
lost	778	0.429063	0
lost	777	0.42892	0
win	776	0.428777	174
win	775	0.428634	192
lost	774	0.428492	80
lost	773	0.428349	120
lost	772	0.428206	80
win	771	0.428063	210
lost	770	0.427921	120
lost	769	0.427778	80
win	768	0.427635	180
win	767	0.427493	186
lost	766	0.42735	0
lost	765	0.427208	100
lost	764	0.427065	60
lost	763	0.426923	0
lost	762	0.426781	0
lost	761	0.426638	80
lost	760	0.426496	-40
win	759	0.426354	162
win	758	0.426212	174
lost	757	0.42607	0
win	756	0.425928	210
lost	755	0.425786	-20
win	754	0.425644	198
lost	753	0.425502	40
win	752	0.42536	160
lost	751	0.425218	60
lost	750	0.425077	0
lost	749	0.424935	100
lost	748	0.424793	60
lost	747	0.424652	100
lost	746	0.42451	60
lost	745	0.424369	80
lost	744	0.424227	40
lost	743	0.424086	80
lost	742	0.423945	80
lost	741	0.423803	20
lost	740	0.423662	40
lost	739	0.423521	0
win	738	0.42338	198
win	737	0.423238	160
lost	736	0.423097	0
lost	735	0.422956	140
lost	734	0.422815	20
lost	733	0.422674	40
lost	732	0.422534	-40
lost	731	0.422393	-20
lost	730	0.422252	60
lost	729	0.422111	20
win	728	0.42197	180
lost	727	0.42183	-40
win	726	0.421689	160
lost	725	0.421549	0
lost	724	0.421408	100
lost	723	0.421268	20
lost	722	0.421127	-20
lost	721	0.420987	120
lost	720	0.420846	-40
win	719	0.420706	174
lost	718	0.420566	60
lost	717	0.420426	40
lost	716	0.420286	-20
win	715	0.420146	180
win	714	0.420005	168
lost	713	0.419865	140
win	712	0.419726	162
lost	711	0.419586	-40
lost	710	0.419446	120
win	709	0.419306	0
lost	708	0.419166	0
win	707	0.419026	186
lost	706	0.418887	60
lost	705	0.418747	20
win	704	0.418608	204
lost	703	0.418468	100
win	702	0.418329	174
lost	701	0.418189	140
win	700	0.41805	198
lost	699	0.41791	20
lost	698	0.417771	40
lost	697	0.417632	-40
lost	696	0.417493	0
win	695	0.417353	198
lost	694	0.417214	60
lost	693	0.417075	-20
lost	692	0.416936	40
lost	691	0.416797	20
lost	690	0.416658	100
lost	689	0.416519	40
lost	688	0.416381	0
lost	687	0.416242	120
lost	686	0.416103	120
lost	685	0.415964	-40
win	684	0.415826	174
lost	683	0.415687	-20
lost	682	0.415548	20
win	681	0.41541	174
lost	680	0.415271	-40
win	679	0.415133	204
win	678	0.414995	174
lost	677	0.414856	60
lost	676	0.414718	100
lost	675	0.41458	20
lost	674	0.414442	60
lost	673	0.414303	0
lost	672	0.414165	60
win	671	0.414027	204
lost	670	0.413889	40
lost	669	0.413751	-20
win	668	0.413613	180
lost	667	0.413476	-40
win	666	0.413338	186
lost	665	0.4132	60
win	664	0.413062	162
lost	663	0.412925	40
win	662	0.412787	162
lost	661	0.412649	140
lost	660	0.412512	100
win	659	0.412374	204
lost	658	0.412237	40
lost	657	0.412099	0
lost	656	0.411962	100
lost	655	0.411825	120
lost	654	0.411687	0
lost	653	0.41155	40
lost	652	0.411413	0
lost	651	0.411276	0
lost	650	0.411139	120
lost	649	0.411002	20
lost	648	0.410865	120
lost	647	0.410728	42
lost	646	0.410591	20
lost	645	0.410454	20
lost	644	0.410317	-20
lost	643	0.41018	120
lost	642	0.410044	80
lost	641	0.409907	80
lost	640	0.40977	-20
lost	639	0.409634	20
lost	638	0.409497	100
win	637	0.409361	174
lost	636	0.409224	-40
lost	635	0.409088	20
lost	634	0.408952	0
lost	633	0.408815	20
lost	632	0.408679	40
win	631	0.408543	198
lost	630	0.408407	-20
lost	629	0.40827	80
win	628	0.408134	174
lost	627	0.407998	-40
lost	626	0.407862	0
lost	625	0.407726	-40
win	624	0.40759	222
lost	623	0.407455	80
lost	622	0.407319	60
lost	621	0.407183	60
lost	620	0.407047	20
win	619	0.406912	168
lost	618	0.406776	-20
lost	617	0.40664	60
lost	616	0.406505	20
lost	615	0.406369	80
lost	614	0.406234	20
lost	613	0.406098	40
lost	612	0.405963	120
lost	611	0.405828	-20
lost	610	0.405692	100
lost	609	0.405557	20
lost	608	0.405422	20
lost	607	0.405287	-20
lost	606	0.405152	-20
lost	605	0.405017	-40
lost	604	0.404882	60
lost	603	0.404747	40
lost	602	0.404612	120
lost	601	0.404477	-20
win	600	0.404342	210
lost	599	0.404207	80
lost	598	0.404073	40
lost	597	0.403938	60
lost	596	0.403803	0
lost	595	0.403669	-20
lost	594	0.403534	120
lost	593	0.4034	20
lost	592	0.403265	60
lost	591	0.403131	-40
lost	590	0.402996	20
lost	589	0.402862	40
lost	588	0.402728	-40
lost	587	0.402593	20
lost	586	0.402459	0
lost	585	0.402325	40
lost	584	0.402191	100
lost	583	0.402057	100
lost	582	0.401923	0
win	581	0.401789	180
lost	580	0.401655	120
lost	579	0.401521	0
win	578	0.401387	174
lost	577	0.401254	0
lost	576	0.40112	0
win	575	0.400986	168
win	574	0.400852	180
lost	573	0.400719	20
win	572	0.400585	192
lost	571	0.400452	80
lost	570	0.400318	20
lost	569	0.400185	-20
lost	568	0.400051	60
lost	567	0.399918	0
lost	566	0.399785	120
lost	565	0.399651	-40
lost	564	0.399518	142
lost	563	0.399385	80
lost	562	0.399252	0
lost	561	0.399119	0
lost	560	0.398986	100
lost	559	0.398853	0
win	558	0.39872	184
lost	557	0.398587	140
lost	556	0.398454	-40
win	555	0.398321	174
win	554	0.398188	168
lost	553	0.398056	0
lost	552	0.397923	40
lost	551	0.39779	80
lost	550	0.397658	40
win	549	0.397525	210
lost	548	0.397393	120
lost	547	0.39726	0
lost	546	0.397128	0
lost	545	0.396996	0
lost	544	0.396863	40
win	543	0.396731	216
lost	542	0.396599	80
win	541	0.396466	168
lost	540	0.396334	60
lost	539	0.396202	-40
lost	538	0.39607	40
lost	537	0.395938	0
lost	536	0.395806	60
lost	535	0.395674	80
lost	534	0.395542	60
lost	533	0.39541	-40
lost	532	0.395279	0
lost	531	0.395147	80
lost	530	0.395015	0
win	529	0.394884	198
lost	528	0.394752	40
win	527	0.39462	198
lost	526	0.394489	60
lost	525	0.394357	-20
lost	524	0.394226	-40
lost	523	0.394094	100
lost	522	0.393963	100
win	521	0.393832	160
lost	520	0.3937	40
lost	519	0.393569	20
win	518	0.393438	186
lost	517	0.393307	80
win	516	0.393176	192
lost	515	0.393045	40
lost	514	0.392914	-40
win	513	0.392783	186
lost	512	0.392652	40
win	511	0.392521	168
lost	510	0.39239	80
lost	509	0.392259	0
lost	508	0.392129	-20
lost	507	0.391998	40
lost	506	0.391867	120
lost	505	0.391737	0
lost	504	0.391606	-20
win	503	0.391475	162
win	502	0.391345	168
lost	501	0.391214	20
lost	500	0.391084	-40
lost	499	0.390954	20
lost	498	0.390823	60
win	497	0.390693	168
lost	496	0.390563	100
lost	495	0.390433	-20
win	494	0.390303	198
lost	493	0.390172	2
lost	492	0.390042	20
lost	491	0.389912	20
lost	490	0.389782	20
win	489	0.389652	192
lost	488	0.389523	20
lost	487	0.389393	0
win	486	0.389263	192
lost	485	0.389133	-20
lost	484	0.389003	0
lost	483	0.388874	40
lost	482	0.388744	40
lost	481	0.388615	40
lost	480	0.388485	80
lost	479	0.388356	60
win	478	0.388226	174
lost	477	0.388097	0
lost	476	0.387967	80
lost	475	0.387838	140
lost	474	0.387709	80
lost	473	0.38758	0
lost	472	0.38745	40
lost	471	0.387321	-20
lost	470	0.387192	80
lost	469	0.387063	20
lost	468	0.386934	-20
lost	467	0.386805	60
lost	466	0.386676	20
win	465	0.386547	162
win	464	0.386418	198
lost	463	0.38629	0
lost	462	0.386161	60
lost	461	0.386032	80
lost	460	0.385903	60
lost	459	0.385775	0
lost	458	0.385646	140
lost	457	0.385518	20
lost	456	0.385389	-40
lost	455	0.385261	60
lost	454	0.385132	20
win	453	0.385004	168
lost	452	0.384875	-40
win	451	0.384747	198
lost	450	0.384619	-20
lost	449	0.384491	-20
win	448	0.384363	192
lost	447	0.384234	20
lost	446	0.384106	-40
win	445	0.383978	174
lost	444	0.38385	0
win	443	0.383722	222
lost	442	0.383594	-40
lost	441	0.383467	140
win	440	0.383339	198
lost	439	0.383211	40
lost	438	0.383083	100
lost	437	0.382956	40
lost	436	0.382828	120
lost	435	0.3827	-40
lost	434	0.382573	80
win	433	0.382445	168
win	432	0.382318	180
lost	431	0.38219	20
lost	430	0.382063	20
lost	429	0.381936	-20
lost	428	0.381808	-20
lost	427	0.381681	22
lost	426	0.381554	80
lost	425	0.381427	0
lost	424	0.381299	42
win	423	0.381172	192
lost	422	0.381045	-40
win	421	0.380918	168
lost	420	0.380791	0
lost	419	0.380664	40
lost	418	0.380537	40
lost	417	0.380411	80
lost	416	0.380284	0
lost	415	0.380157	120
win	414	0.38003	174
win	413	0.379904	192
lost	412	0.379777	62
lost	411	0.37965	-40
lost	410	0.379524	80
lost	409	0.379397	40
win	408	0.379271	204
lost	407	0.379144	40
lost	406	0.379018	100
lost	405	0.378892	100
lost	404	0.378765	140
lost	403	0.378639	40
lost	402	0.378513	60
lost	401	0.378387	-40
lost	400	0.378261	40
lost	399	0.378135	0
lost	398	0.378009	0
lost	397	0.377883	40
lost	396	0.377757	100
lost	395	0.377631	20
win	394	0.377505	168
lost	393	0.377379	-40
lost	392	0.377253	60
lost	391	0.377127	0
lost	390	0.377002	60
lost	389	0.376876	0
lost	388	0.37675	-40
lost	387	0.376625	80
lost	386	0.376499	100
win	385	0.376374	186
lost	384	0.376248	40
lost	383	0.376123	-20
lost	382	0.375998	100
win	381	0.375872	204
lost	380	0.375747	20
win	379	0.375622	0
win	378	0.375496	186
win	377	0.375371	180
lost	376	0.375246	0
lost	375	0.375121	40
lost	374	0.374996	0
lost	373	0.374871	60
win	372	0.374746	160
win	371	0.374621	198
win	370	0.374496	180
lost	369	0.374371	-40
win	368	0.374247	162
win	367	0.374122	204
win	366	0.373997	186
lost	365	0.373873	0
lost	364	0.373748	0
win	363	0.373623	210
lost	362	0.373499	80
win	361	0.373374	174
lost	360	0.37325	20
lost	359	0.373125	40
lost	358	0.373001	20
lost	357	0.372877	100
lost	356	0.372752	0
lost	355	0.372628	0
lost	354	0.372504	80
lost	353	0.37238	-40
lost	352	0.372256	120
lost	351	0.372132	120
win	350	0.372008	180
lost	349	0.371884	20
lost	348	0.37176	0
lost	347	0.371636	40
lost	346	0.371512	120
lost	345	0.371388	120
lost	344	0.371264	-40
lost	343	0.37114	40
win	342	0.371017	174
win	341	0.370893	192
lost	340	0.370769	-40
lost	339	0.370646	120
lost	338	0.370522	22
lost	337	0.370399	20
lost	336	0.370275	-40
lost	335	0.370152	0
lost	334	0.370028	0
win	333	0.369905	174
lost	332	0.369782	20
lost	331	0.369659	42
win	330	0.369535	198
lost	329	0.369412	0
lost	328	0.369289	0
lost	327	0.369166	-20
lost	326	0.369043	20
lost	325	0.36892	20
lost	324	0.368797	140
lost	323	0.368674	80
lost	322	0.368551	80
lost	321	0.368428	40
win	320	0.368305	162
lost	319	0.368183	-40
lost	318	0.36806	0
lost	317	0.367937	60
lost	316	0.367815	0
lost	315	0.367692	100
win	314	0.367569	210
win	313	0.367447	198
win	312	0.367324	168
lost	311	0.367202	0
lost	310	0.36708	60
lost	309	0.366957	-40
win	308	0.366835	162
lost	307	0.366713	40
win	306	0.36659	192
win	305	0.366468	180
lost	304	0.366346	40
lost	303	0.366224	40
lost	302	0.366102	0
lost	301	0.36598	0
lost	300	0.365858	0
lost	299	0.365736	-20
lost	298	0.365614	20
win	297	0.365492	198
win	296	0.36537	186
lost	295	0.365248	0
lost	294	0.365127	42
win	293	0.365005	162
lost	292	0.364883	40
lost	291	0.364762	-20
lost	290	0.36464	-20
lost	289	0.364519	-40
win	288	0.364397	186
win	287	0.364276	216
lost	286	0.364154	100
lost	285	0.364033	-40
lost	284	0.363911	40
lost	283	0.36379	120
lost	282	0.363669	60
lost	281	0.363548	20
lost	280	0.363426	-20
lost	279	0.363305	120
win	278	0.363184	168
win	277	0.363063	168
win	276	0.362942	198
lost	275	0.362821	60
lost	274	0.3627	-20
win	273	0.362579	204
lost	272	0.362458	0
win	271	0.362338	210
lost	270	0.362217	20
lost	269	0.362096	0
win	268	0.361975	174
lost	267	0.361855	20
lost	266	0.361734	40
win	265	0.361614	204
lost	264	0.361493	60
lost	263	0.361373	40
lost	262	0.361252	0
lost	261	0.361132	20
lost	260	0.361011	0
lost	259	0.360891	100
win	258	0.360771	174
win	257	0.36065	216
win	256	0.36053	162
lost	255	0.36041	80
win	254	0.36029	180
lost	253	0.36017	82
lost	252	0.36005	40
lost	251	0.35993	120
lost	250	0.35981	60
lost	249	0.35969	100
lost	248	0.35957	0
lost	247	0.35945	60
win	246	0.35933	198
lost	245	0.35921	-40
lost	244	0.359091	140
lost	243	0.358971	80
lost	242	0.358851	80
lost	241	0.358732	0
lost	240	0.358612	80
lost	239	0.358493	60
lost	238	0.358373	-40
lost	237	0.358254	-20
win	236	0.358134	204
lost	235	0.358015	20
lost	234	0.357896	0
win	233	0.357776	196
lost	232	0.357657	60
win	231	0.357538	198
lost	230	0.357419	20
win	229	0.357299	198
lost	228	0.35718	80
lost	227	0.357061	40
win	226	0.356942	162
lost	225	0.356823	-20
lost	224	0.356704	-20
lost	223	0.356585	120
lost	222	0.356467	20
lost	221	0.356348	40
lost	220	0.356229	-20
lost	219	0.35611	40
win	218	0.355991	168
lost	217	0.355873	20
lost	216	0.355754	60
lost	215	0.355636	80
lost	214	0.355517	120
lost	213	0.355399	140
lost	212	0.35528	60
lost	211	0.355162	100
lost	210	0.355043	0
lost	209	0.354925	20
lost	208	0.354807	60
lost	207	0.354688	20
lost	206	0.35457	40
lost	205	0.354452	0
win	204	0.354334	168
lost	203	0.354216	-20
lost	202	0.354098	-20
lost	201	0.35398	20
lost	200	0.353862	-20
win	199	0.353744	186
lost	198	0.353626	20
lost	197	0.353508	100
lost	196	0.35339	20
win	195	0.353272	186
lost	194	0.353154	80
lost	193	0.353037	0
lost	192	0.352919	-20
lost	191	0.352801	20
lost	190	0.352684	-40
lost	189	0.352566	0
lost	188	0.352449	-40
win	187	0.352331	186
lost	186	0.352214	0
lost	185	0.352096	60
win	184	0.351979	180
lost	183	0.351862	100
lost	182	0.351744	0
lost	181	0.351627	60
lost	180	0.35151	82
lost	179	0.351393	60
lost	178	0.351276	0
lost	177	0.351159	60
lost	176	0.351042	140
lost	175	0.350925	-20
lost	174	0.350808	80
lost	173	0.350691	80
lost	172	0.350574	40
win	171	0.350457	160
win	170	0.35034	216
lost	169	0.350223	40
lost	168	0.350107	20
lost	167	0.34999	-20
lost	166	0.349873	-20
win	165	0.349757	204
lost	164	0.34964	-20
lost	163	0.349523	100
lost	162	0.349407	60
lost	161	0.34929	100
lost	160	0.349174	0
lost	159	0.349058	20
win	158	0.348941	186
lost	157	0.348825	20
lost	156	0.348709	80
lost	155	0.348592	-20
lost	154	0.348476	100
lost	153	0.34836	60
lost	152	0.348244	40
win	151	0.348128	186
lost	150	0.348012	2
win	149	0.347896	180
lost	148	0.34778	0
lost	147	0.347664	-40
lost	146	0.347548	-20
lost	145	0.347432	40
lost	144	0.347316	40
lost	143	0.347201	40
win	142	0.347085	198
lost	141	0.346969	140
win	140	0.346854	180
win	139	0.346738	204
lost	138	0.346622	60
lost	137	0.346507	0
win	136	0.346391	210
lost	135	0.346276	120
lost	134	0.34616	60
lost	133	0.346045	80
lost	132	0.34593	40
lost	131	0.345814	-20
lost	130	0.345699	0
lost	129	0.345584	120
win	128	0.345469	162
win	127	0.345353	216
lost	126	0.345238	40
lost	125	0.345123	100
lost	124	0.345008	0
lost	123	0.344893	40
lost	122	0.344778	140
lost	121	0.344663	-20
lost	120	0.344548	40
lost	119	0.344434	0
lost	118	0.344319	-20
lost	117	0.344204	-40
win	116	0.344089	168
lost	115	0.343975	40
lost	114	0.34386	120
lost	113	0.343745	-40
lost	112	0.343631	0
win	111	0.343516	162
lost	110	0.343402	20
lost	109	0.343287	100
lost	108	0.343173	80
win	107	0.343058	168
win	106	0.342944	186
lost	105	0.34283	20
lost	104	0.342715	40
lost	103	0.342601	80
lost	102	0.342487	40
lost	101	0.342373	20
lost	100	0.342259	0
lost	99	0.342145	20
lost	98	0.342031	40
win	97	0.341917	210
lost	96	0.341803	20
win	95	0.341689	186
lost	94	0.341575	100
lost	93	0.341461	0
lost	92	0.341347	20
lost	91	0.341233	80
win	90	0.34112	192
lost	89	0.341006	0
win	88	0.340892	210
lost	87	0.340779	120
lost	86	0.340665	40
lost	85	0.340551	140
lost	84	0.340438	62
lost	83	0.340324	-20
lost	82	0.340211	100
win	81	0.340098	216
win	80	0.339984	186
lost	79	0.339871	20
lost	78	0.339758	-20
win	77	0.339644	216
lost	76	0.339531	-40
win	75	0.339418	228
lost	74	0.339305	22
lost	73	0.339192	80
lost	72	0.339079	-40
win	71	0.338966	168
lost	70	0.338853	80
win	69	0.33874	192
lost	68	0.338627	40
lost	67	0.338514	40
lost	66	0.338401	0
lost	65	0.338288	22
win	64	0.338175	210
lost	63	0.338063	-20
lost	62	0.33795	0
lost	61	0.337837	40
lost	60	0.337725	-20
win	59	0.337612	174
win	58	0.3375	210
lost	57	0.337387	0
win	56	0.337275	204
lost	55	0.337162	0
lost	54	0.33705	20
lost	53	0.336938	20
lost	52	0.336825	60
win	51	0.336713	198
lost	50	0.336601	80
lost	49	0.336489	-40
lost	48	0.336376	0
lost	47	0.336264	80
win	46	0.336152	198
lost	45	0.33604	-20
win	44	0.335928	204
lost	43	0.335816	60
lost	42	0.335704	0
lost	41	0.335592	-20
lost	40	0.33548	100
lost	39	0.335369	0
lost	38	0.335257	120
lost	37	0.335145	20
lost	36	0.335033	40
lost	35	0.334922	0
lost	34	0.33481	40
lost	33	0.334698	80
lost	32	0.334587	-40
win	31	0.334475	174
win	30	0.334364	160
lost	29	0.334252	40
lost	28	0.334141	60
lost	27	0.33403	-20
lost	26	0.333918	0
lost	25	0.333807	0
lost	24	0.333696	20
win	23	0.333584	198
lost	22	0.333473	-20
lost	21	0.333362	-40
win	20	0.333251	198
win	19	0.33314	196
lost	18	0.333029	80
win	17	0.332918	210
lost	16	0.332807	120
win	15	0.332696	210
lost	14	0.332585	20
lost	13	0.332474	140
lost	12	0.332363	40
win	11	0.332253	198
lost	10	0.332142	82
lost	9	0.332031	80
lost	8	0.33192	80
lost	7	0.33181	40
lost	6	0.331699	120
lost	5	0.331589	0
win	4	0.331478	204
lost	3	0.331368	40
win	2	0.331257	186
win	1	0.331147	180
