16.7007 16.7007 16.7007 16.7007 16.7007 16.7007 16.7007 
14.5143 14.5143 14.5143 14.5143 14.5143 14.5143 14.5143 
16.1856 16.1856 16.1856 16.1856 16.1856 16.1856 16.1856 
14.6495 14.6495 14.6495 14.6495 14.6495 14.6495 14.6495 

15.0051 15.0051 15.0051 15.0051 15.0051 15.0051 15.0051 
16.1882 16.1882 16.1882 16.1882 16.1882 16.1882 16.1882 
15.891 15.891 15.891 15.891 15.891 15.891 15.891 
14.5733 14.5733 14.5733 14.5733 14.5733 14.5733 14.5733 

15.7669 15.7669 15.7669 15.7669 15.7669 15.7669 15.7669 
16.5483 16.5483 16.5483 16.5483 16.5483 16.5483 16.5483 
14.9369 14.9369 14.9369 14.9369 14.9369 14.9369 14.9369 
17.1186 17.1186 17.1186 17.1186 17.1186 17.1186 17.1186 

15.0072 15.0072 15.0072 15.0072 15.0072 15.0072 15.0072 
18.213 18.213 18.213 18.213 18.213 18.213 18.213 
16.2239 16.2239 16.2239 16.2239 16.2239 16.2239 16.2239 
16.5468 16.5468 16.5468 16.5468 16.5468 16.5468 16.5468 

15.0129 15.0129 15.0129 15.0129 15.0129 15.0129 15.0129 
16.0513 16.0513 16.0513 16.0513 16.0513 16.0513 16.0513 
17.7591 17.7591 17.7591 17.7591 17.7591 17.7591 17.7591 
16.8975 16.8975 16.8975 16.8975 16.8975 16.8975 16.8975 

15.993 15.993 15.993 15.993 15.993 15.993 15.993 
16.7329 16.7329 16.7329 16.7329 16.7329 16.7329 16.7329 
19.9457 19.9457 19.9457 19.9457 19.9457 19.9457 19.9457 
21.3628 21.3628 21.3628 21.3628 21.3628 21.3628 21.3628 

14.6125 14.6125 14.6125 14.6125 14.6125 14.6125 14.6125 
20.6921 20.6921 20.6921 20.6921 20.6921 20.6921 20.6921 
14.8868 14.8868 14.8868 14.8868 14.8868 14.8868 14.8868 
14.8606 14.8606 14.8606 14.8606 14.8606 14.8606 14.8606 


16.1055 16.1055 16.1055 16.1055 16.1055 16.1055 16.1055 
17.3582 17.3582 17.3582 17.3582 17.3582 17.3582 17.3582 
14.5916 14.5916 14.5916 14.5916 14.5916 14.5916 14.5916 
19.5582 19.5582 19.5582 19.5582 19.5582 19.5582 19.5582 

18.8216 18.8216 18.8216 18.8216 18.8216 18.8216 18.8216 
20.2523 20.2523 20.2523 20.2523 20.2523 20.2523 20.2523 
14.6384 14.6384 14.6384 14.6384 14.6384 14.6384 14.6384 
14.6301 14.6301 14.6301 14.6301 14.6301 14.6301 14.6301 

15.8971 15.8971 15.8971 15.8971 15.8971 15.8971 15.8971 
14.9191 14.9191 14.9191 14.9191 14.9191 14.9191 14.9191 
16.1642 16.1642 16.1642 16.1642 16.1642 16.1642 16.1642 
14.5616 14.5616 14.5616 14.5616 14.5616 14.5616 14.5616 

18.2159 18.2159 18.2159 18.2159 18.2159 18.2159 18.2159 
14.9379 14.9379 14.9379 14.9379 14.9379 14.9379 14.9379 
18.6463 18.6463 18.6463 18.6463 18.6463 18.6463 18.6463 
16.9228 16.9228 16.9228 16.9228 16.9228 16.9228 16.9228 

15.6895 15.6895 15.6895 15.6895 15.6895 15.6895 15.6895 
16.3946 16.3946 16.3946 16.3946 16.3946 16.3946 16.3946 
15.116 15.116 15.116 15.116 15.116 15.116 15.116 
15.0254 15.0254 15.0254 15.0254 15.0254 15.0254 15.0254 

14.8818 14.8818 14.8818 14.8818 14.8818 14.8818 14.8818 
14.8669 14.8669 14.8669 14.8669 14.8669 14.8669 14.8669 
14.8863 14.8863 14.8863 14.8863 14.8863 14.8863 14.8863 
17.741 17.741 17.741 17.741 17.741 17.741 17.741 

17.7777 17.7777 17.7777 17.7777 17.7777 17.7777 17.7777 
17.7955 17.7955 17.7955 17.7955 17.7955 17.7955 17.7955 
14.612 14.612 14.612 14.612 14.612 14.612 14.612 
19.9135 19.9135 19.9135 19.9135 19.9135 19.9135 19.9135 


18.2488 18.2488 18.2488 18.2488 18.2488 18.2488 18.2488 
23.2814 23.2814 23.2814 23.2814 23.2814 23.2814 23.2814 
35.664 35.664 35.664 35.664 35.664 35.664 35.664 
53.7547 53.7547 53.7547 53.7547 53.7547 53.7547 53.7547 

15.2937 15.2937 15.2937 15.2937 15.2937 15.2937 15.2937 
16.3478 16.3478 16.3478 16.3478 16.3478 16.3478 16.3478 
17.4506 17.4506 17.4506 17.4506 17.4506 17.4506 17.4506 
19.7848 19.7848 19.7848 19.7848 19.7848 19.7848 19.7848 

16.6999 16.6999 16.6999 16.6999 16.6999 16.6999 16.6999 
15.2915 15.2915 15.2915 15.2915 15.2915 15.2915 15.2915 
21.5666 21.5666 21.5666 21.5666 21.5666 21.5666 21.5666 
15.2924 15.2924 15.2924 15.2924 15.2924 15.2924 15.2924 

15.0641 15.0641 15.0641 15.0641 15.0641 15.0641 15.0641 
14.7932 14.7932 14.7932 14.7932 14.7932 14.7932 14.7932 
14.902 14.902 14.902 14.902 14.902 14.902 14.902 
14.7509 14.7509 14.7509 14.7509 14.7509 14.7509 14.7509 

18.477 18.477 18.477 18.477 18.477 18.477 18.477 
18.0493 18.0493 18.0493 18.0493 18.0493 18.0493 18.0493 
15.0613 15.0613 15.0613 15.0613 15.0613 15.0613 15.0613 
17.2374 17.2374 17.2374 17.2374 17.2374 17.2374 17.2374 

18.977 18.977 18.977 18.977 18.977 18.977 18.977 
14.5949 14.5949 14.5949 14.5949 14.5949 14.5949 14.5949 
18.2483 18.2483 18.2483 18.2483 18.2483 18.2483 18.2483 
16.6191 16.6191 16.6191 16.6191 16.6191 16.6191 16.6191 

14.9425 14.9425 14.9425 14.9425 14.9425 14.9425 14.9425 
19.8604 19.8604 19.8604 19.8604 19.8604 19.8604 19.8604 
15.7482 15.7482 15.7482 15.7482 15.7482 15.7482 15.7482 
15.4019 15.4019 15.4019 15.4019 15.4019 15.4019 15.4019 


20.8652 20.8652 20.8652 20.8652 20.8652 20.8652 20.8652 
15.6092 15.6092 15.6092 15.6092 15.6092 15.6092 15.6092 
16.4007 16.4007 16.4007 16.4007 16.4007 16.4007 16.4007 
15.9441 15.9441 15.9441 15.9441 15.9441 15.9441 15.9441 

14.6875 14.6875 14.6875 14.6875 14.6875 14.6875 14.6875 
17.7795 17.7795 17.7795 17.7795 17.7795 17.7795 17.7795 
14.7423 14.7423 14.7423 14.7423 14.7423 14.7423 14.7423 
16.9815 16.9815 16.9815 16.9815 16.9815 16.9815 16.9815 

14.6442 14.6442 14.6442 14.6442 14.6442 14.6442 14.6442 
18.314 18.314 18.314 18.314 18.314 18.314 18.314 
14.6989 14.6989 14.6989 14.6989 14.6989 14.6989 14.6989 
18.48 18.48 18.48 18.48 18.48 18.48 18.48 

14.9257 14.9257 14.9257 14.9257 14.9257 14.9257 14.9257 
15.0226 15.0226 15.0226 15.0226 15.0226 15.0226 15.0226 
14.5666 14.5666 14.5666 14.5666 14.5666 14.5666 14.5666 
18.7204 18.7204 18.7204 18.7204 18.7204 18.7204 18.7204 

14.74 14.74 14.74 14.74 14.74 14.74 14.74 
16.4026 16.4026 16.4026 16.4026 16.4026 16.4026 16.4026 
16.4147 16.4147 16.4147 16.4147 16.4147 16.4147 16.4147 
14.6436 14.6436 14.6436 14.6436 14.6436 14.6436 14.6436 

15.8428 15.8428 15.8428 15.8428 15.8428 15.8428 15.8428 
16.1241 16.1241 16.1241 16.1241 16.1241 16.1241 16.1241 
14.9133 14.9133 14.9133 14.9133 14.9133 14.9133 14.9133 
15.0298 15.0298 15.0298 15.0298 15.0298 15.0298 15.0298 

19.9431 19.9431 19.9431 19.9431 19.9431 19.9431 19.9431 
17.757 17.757 17.757 17.757 17.757 17.757 17.757 
18.5808 18.5808 18.5808 18.5808 18.5808 18.5808 18.5808 
22.3844 22.3844 22.3844 22.3844 22.3844 22.3844 22.3844 



18.2897 18.2897 18.2897 18.2897 18.2897 18.2897 18.2897 
17.8377 17.8377 17.8377 17.8377 17.8377 17.8377 17.8377 
15.1878 15.1878 15.1878 15.1878 15.1878 15.1878 15.1878 
17.128 17.128 17.128 17.128 17.128 17.128 17.128 

15.7112 15.7112 15.7112 15.7112 15.7112 15.7112 15.7112 
14.7023 14.7023 14.7023 14.7023 14.7023 14.7023 14.7023 
18.3982 18.3982 18.3982 18.3982 18.3982 18.3982 18.3982 
14.957 14.957 14.957 14.957 14.957 14.957 14.957 

14.4994 14.4994 14.4994 14.4994 14.4994 14.4994 14.4994 
18.3025 18.3025 18.3025 18.3025 18.3025 18.3025 18.3025 
16.5431 16.5431 16.5431 16.5431 16.5431 16.5431 16.5431 
14.5173 14.5173 14.5173 14.5173 14.5173 14.5173 14.5173 

14.8222 14.8222 14.8222 14.8222 14.8222 14.8222 14.8222 
16.2045 16.2045 16.2045 16.2045 16.2045 16.2045 16.2045 
17.6776 17.6776 17.6776 17.6776 17.6776 17.6776 17.6776 
15.6589 15.6589 15.6589 15.6589 15.6589 15.6589 15.6589 

21.4257 21.4257 21.4257 21.4257 21.4257 21.4257 21.4257 
18.5266 18.5266 18.5266 18.5266 18.5266 18.5266 18.5266 
17.3744 17.3744 17.3744 17.3744 17.3744 17.3744 17.3744 
16.6662 16.6662 16.6662 16.6662 16.6662 16.6662 16.6662 

17.6693 17.6693 17.6693 17.6693 17.6693 17.6693 17.6693 
14.5604 14.5604 14.5604 14.5604 14.5604 14.5604 14.5604 
19.7131 19.7131 19.7131 19.7131 19.7131 19.7131 19.7131 
14.6902 14.6902 14.6902 14.6902 14.6902 14.6902 14.6902 

20.1507 20.1507 20.1507 20.1507 20.1507 20.1507 20.1507 
24.984 24.984 24.984 24.984 24.984 24.984 24.984 
17.8237 17.8237 17.8237 17.8237 17.8237 17.8237 17.8237 
16.3286 16.3286 16.3286 16.3286 16.3286 16.3286 16.3286 


14.4943 14.4943 14.4943 14.4943 14.4943 14.4943 14.4943 
16.6396 16.6396 16.6396 16.6396 16.6396 16.6396 16.6396 
16.0826 16.0826 16.0826 16.0826 16.0826 16.0826 16.0826 
14.7307 14.7307 14.7307 14.7307 14.7307 14.7307 14.7307 

14.5476 14.5476 14.5476 14.5476 14.5476 14.5476 14.5476 
16.5812 16.5812 16.5812 16.5812 16.5812 16.5812 16.5812 
16.7383 16.7383 16.7383 16.7383 16.7383 16.7383 16.7383 
16.1406 16.1406 16.1406 16.1406 16.1406 16.1406 16.1406 

20.346 20.346 20.346 20.346 20.346 20.346 20.346 
15.1502 15.1502 15.1502 15.1502 15.1502 15.1502 15.1502 
14.8808 14.8808 14.8808 14.8808 14.8808 14.8808 14.8808 
15.1147 15.1147 15.1147 15.1147 15.1147 15.1147 15.1147 

17.3306 17.3306 17.3306 17.3306 17.3306 17.3306 17.3306 
14.6979 14.6979 14.6979 14.6979 14.6979 14.6979 14.6979 
19.2289 19.2289 19.2289 19.2289 19.2289 19.2289 19.2289 
18.4108 18.4108 18.4108 18.4108 18.4108 18.4108 18.4108 

20.4316 20.4316 20.4316 20.4316 20.4316 20.4316 20.4316 
15.0596 15.0596 15.0596 15.0596 15.0596 15.0596 15.0596 
20.8059 20.8059 20.8059 20.8059 20.8059 20.8059 20.8059 
14.67 14.67 14.67 14.67 14.67 14.67 14.67 

14.5882 14.5882 14.5882 14.5882 14.5882 14.5882 14.5882 
14.6871 14.6871 14.6871 14.6871 14.6871 14.6871 14.6871 
18.4499 18.4499 18.4499 18.4499 18.4499 18.4499 18.4499 
17.3695 17.3695 17.3695 17.3695 17.3695 17.3695 17.3695 

14.6119 14.6119 14.6119 14.6119 14.6119 14.6119 14.6119 
14.8871 14.8871 14.8871 14.8871 14.8871 14.8871 14.8871 
14.8524 14.8524 14.8524 14.8524 14.8524 14.8524 14.8524 
20.0026 20.0026 20.0026 20.0026 20.0026 20.0026 20.0026 


17.249 17.249 17.249 17.249 17.249 17.249 17.249 
14.8249 14.8249 14.8249 14.8249 14.8249 14.8249 14.8249 
18.8657 18.8657 18.8657 18.8657 18.8657 18.8657 18.8657 
30.6877 30.6877 30.6877 30.6877 30.6877 30.6877 30.6877 

15.8533 15.8533 15.8533 15.8533 15.8533 15.8533 15.8533 
16.23 16.23 16.23 16.23 16.23 16.23 16.23 
18.9454 18.9454 18.9454 18.9454 18.9454 18.9454 18.9454 
17.8112 17.8112 17.8112 17.8112 17.8112 17.8112 17.8112 

15.03 15.03 15.03 15.03 15.03 15.03 15.03 
18.7889 18.7889 18.7889 18.7889 18.7889 18.7889 18.7889 
19.0677 19.0677 19.0677 19.0677 19.0677 19.0677 19.0677 
20.4028 20.4028 20.4028 20.4028 20.4028 20.4028 20.4028 

14.508 14.508 14.508 14.508 14.508 14.508 14.508 
15.266 15.266 15.266 15.266 15.266 15.266 15.266 
15.6835 15.6835 15.6835 15.6835 15.6835 15.6835 15.6835 
14.963 14.963 14.963 14.963 14.963 14.963 14.963 

16.5824 16.5824 16.5824 16.5824 16.5824 16.5824 16.5824 
18.6861 18.6861 18.6861 18.6861 18.6861 18.6861 18.6861 
14.8018 14.8018 14.8018 14.8018 14.8018 14.8018 14.8018 
15.7271 15.7271 15.7271 15.7271 15.7271 15.7271 15.7271 

20.1681 20.1681 20.1681 20.1681 20.1681 20.1681 20.1681 
16.7335 16.7335 16.7335 16.7335 16.7335 16.7335 16.7335 
14.6627 14.6627 14.6627 14.6627 14.6627 14.6627 14.6627 
16.0746 16.0746 16.0746 16.0746 16.0746 16.0746 16.0746 

15.3348 15.3348 15.3348 15.3348 15.3348 15.3348 15.3348 
14.6368 14.6368 14.6368 14.6368 14.6368 14.6368 14.6368 
14.8975 14.8975 14.8975 14.8975 14.8975 14.8975 14.8975 
16.4221 16.4221 16.4221 16.4221 16.4221 16.4221 16.4221 


16.7227 16.7227 16.7227 16.7227 16.7227 16.7227 16.7227 
16.0588 16.0588 16.0588 16.0588 16.0588 16.0588 16.0588 
30.4786 30.4786 30.4786 30.4786 30.4786 30.4786 30.4786 
46.7555 46.7555 46.7555 46.7555 46.7555 46.7555 46.7555 

14.5007 14.5007 14.5007 14.5007 14.5007 14.5007 14.5007 
18.5747 18.5747 18.5747 18.5747 18.5747 18.5747 18.5747 
15.0163 15.0163 15.0163 15.0163 15.0163 15.0163 15.0163 
19.6275 19.6275 19.6275 19.6275 19.6275 19.6275 19.6275 

19.0326 19.0326 19.0326 19.0326 19.0326 19.0326 19.0326 
15.091 15.091 15.091 15.091 15.091 15.091 15.091 
18.8023 18.8023 18.8023 18.8023 18.8023 18.8023 18.8023 
18.1198 18.1198 18.1198 18.1198 18.1198 18.1198 18.1198 

18.222 18.222 18.222 18.222 18.222 18.222 18.222 
18.302 18.302 18.302 18.302 18.302 18.302 18.302 
16.6121 16.6121 16.6121 16.6121 16.6121 16.6121 16.6121 
14.672 14.672 14.672 14.672 14.672 14.672 14.672 

14.5154 14.5154 14.5154 14.5154 14.5154 14.5154 14.5154 
16.6132 16.6132 16.6132 16.6132 16.6132 16.6132 16.6132 
15.2903 15.2903 15.2903 15.2903 15.2903 15.2903 15.2903 
19.6482 19.6482 19.6482 19.6482 19.6482 19.6482 19.6482 

16.2803 16.2803 16.2803 16.2803 16.2803 16.2803 16.2803 
15.6913 15.6913 15.6913 15.6913 15.6913 15.6913 15.6913 
16.5312 16.5312 16.5312 16.5312 16.5312 16.5312 16.5312 
14.9762 14.9762 14.9762 14.9762 14.9762 14.9762 14.9762 

14.7108 14.7108 14.7108 14.7108 14.7108 14.7108 14.7108 
15.1807 15.1807 15.1807 15.1807 15.1807 15.1807 15.1807 
16.0578 16.0578 16.0578 16.0578 16.0578 16.0578 16.0578 
16.5924 16.5924 16.5924 16.5924 16.5924 16.5924 16.5924 




