16.6972 16.6972 16.6972 16.6972 16.6972 16.6972 16.6972 
14.5132 14.5132 14.5132 14.5132 14.5132 14.5132 14.5132 
16.1015 16.1015 16.1015 16.1015 16.1015 16.1015 16.1015 
14.6384 14.6384 14.6384 14.6384 14.6384 14.6384 14.6384 

14.9814 14.9814 14.9814 14.9814 14.9814 14.9814 14.9814 
16.1018 16.1018 16.1018 16.1018 16.1018 16.1018 16.1018 
15.8316 15.8316 15.8316 15.8316 15.8316 15.8316 15.8316 
14.5714 14.5714 14.5714 14.5714 14.5714 14.5714 14.5714 

15.7098 15.7098 15.7098 15.7098 15.7098 15.7098 15.7098 
16.4461 16.4461 16.4461 16.4461 16.4461 16.4461 16.4461 
14.9235 14.9235 14.9235 14.9235 14.9235 14.9235 14.9235 
17.0101 17.0101 17.0101 17.0101 17.0101 17.0101 17.0101 

14.9947 14.9947 14.9947 14.9947 14.9947 14.9947 14.9947 
18.0371 18.0371 18.0371 18.0371 18.0371 18.0371 18.0371 
16.1406 16.1406 16.1406 16.1406 16.1406 16.1406 16.1406 
16.4536 16.4536 16.4536 16.4536 16.4536 16.4536 16.4536 

15.0029 15.0029 15.0029 15.0029 15.0029 15.0029 15.0029 
15.9767 15.9767 15.9767 15.9767 15.9767 15.9767 15.9767 
17.599 17.599 17.599 17.599 17.599 17.599 17.599 
16.7806 16.7806 16.7806 16.7806 16.7806 16.7806 16.7806 

15.9403 15.9403 15.9403 15.9403 15.9403 15.9403 15.9403 
16.6314 16.6314 16.6314 16.6314 16.6314 16.6314 16.6314 
19.7695 19.7695 19.7695 19.7695 19.7695 19.7695 19.7695 
21.2269 21.2269 21.2269 21.2269 21.2269 21.2269 21.2269 

14.6119 14.6119 14.6119 14.6119 14.6119 14.6119 14.6119 
20.4006 20.4006 20.4006 20.4006 20.4006 20.4006 20.4006 
14.8685 14.8685 14.8685 14.8685 14.8685 14.8685 14.8685 
14.8587 14.8587 14.8587 14.8587 14.8587 14.8587 14.8587 


16.0705 16.0705 16.0705 16.0705 16.0705 16.0705 16.0705 
17.2367 17.2367 17.2367 17.2367 17.2367 17.2367 17.2367 
14.5884 14.5884 14.5884 14.5884 14.5884 14.5884 14.5884 
19.4216 19.4216 19.4216 19.4216 19.4216 19.4216 19.4216 

18.6036 18.6036 18.6036 18.6036 18.6036 18.6036 18.6036 
20.1545 20.1545 20.1545 20.1545 20.1545 20.1545 20.1545 
14.6331 14.6331 14.6331 14.6331 14.6331 14.6331 14.6331 
14.6277 14.6277 14.6277 14.6277 14.6277 14.6277 14.6277 

15.8304 15.8304 15.8304 15.8304 15.8304 15.8304 15.8304 
14.9015 14.9015 14.9015 14.9015 14.9015 14.9015 14.9015 
16.0833 16.0833 16.0833 16.0833 16.0833 16.0833 16.0833 
14.5602 14.5602 14.5602 14.5602 14.5602 14.5602 14.5602 

18.1344 18.1344 18.1344 18.1344 18.1344 18.1344 18.1344 
14.9196 14.9196 14.9196 14.9196 14.9196 14.9196 14.9196 
18.4462 18.4462 18.4462 18.4462 18.4462 18.4462 18.4462 
16.8204 16.8204 16.8204 16.8204 16.8204 16.8204 16.8204 

15.6394 15.6394 15.6394 15.6394 15.6394 15.6394 15.6394 
16.3802 16.3802 16.3802 16.3802 16.3802 16.3802 16.3802 
15.1056 15.1056 15.1056 15.1056 15.1056 15.1056 15.1056 
15.0002 15.0002 15.0002 15.0002 15.0002 15.0002 15.0002 

14.87 14.87 14.87 14.87 14.87 14.87 14.87 
14.8609 14.8609 14.8609 14.8609 14.8609 14.8609 14.8609 
14.8727 14.8727 14.8727 14.8727 14.8727 14.8727 14.8727 
17.5814 17.5814 17.5814 17.5814 17.5814 17.5814 17.5814 

17.614 17.614 17.614 17.614 17.614 17.614 17.614 
17.6293 17.6293 17.6293 17.6293 17.6293 17.6293 17.6293 
14.6082 14.6082 14.6082 14.6082 14.6082 14.6082 14.6082 
19.8252 19.8252 19.8252 19.8252 19.8252 19.8252 19.8252 


18.071 18.071 18.071 18.071 18.071 18.071 18.071 
22.8465 22.8465 22.8465 22.8465 22.8465 22.8465 22.8465 
34.7229 34.7229 34.7229 34.7229 34.7229 34.7229 34.7229 
51.7634 51.7634 51.7634 51.7634 51.7634 51.7634 51.7634 

15.2665 15.2665 15.2665 15.2665 15.2665 15.2665 15.2665 
16.2597 16.2597 16.2597 16.2597 16.2597 16.2597 16.2597 
17.3097 17.3097 17.3097 17.3097 17.3097 17.3097 17.3097 
19.6291 19.6291 19.6291 19.6291 19.6291 19.6291 19.6291 

16.5913 16.5913 16.5913 16.5913 16.5913 16.5913 16.5913 
15.2676 15.2676 15.2676 15.2676 15.2676 15.2676 15.2676 
21.2441 21.2441 21.2441 21.2441 21.2441 21.2441 21.2441 
15.2706 15.2706 15.2706 15.2706 15.2706 15.2706 15.2706 

15.0382 15.0382 15.0382 15.0382 15.0382 15.0382 15.0382 
14.7892 14.7892 14.7892 14.7892 14.7892 14.7892 14.7892 
14.8821 14.8821 14.8821 14.8821 14.8821 14.8821 14.8821 
14.7413 14.7413 14.7413 14.7413 14.7413 14.7413 14.7413 

18.4499 18.4499 18.4499 18.4499 18.4499 18.4499 18.4499 
18.0453 18.0453 18.0453 18.0453 18.0453 18.0453 18.0453 
15.0331 15.0331 15.0331 15.0331 15.0331 15.0331 15.0331 
17.2198 17.2198 17.2198 17.2198 17.2198 17.2198 17.2198 

18.9138 18.9138 18.9138 18.9138 18.9138 18.9138 18.9138 
14.5932 14.5932 14.5932 14.5932 14.5932 14.5932 14.5932 
18.2359 18.2359 18.2359 18.2359 18.2359 18.2359 18.2359 
16.558 16.558 16.558 16.558 16.558 16.558 16.558 

14.923 14.923 14.923 14.923 14.923 14.923 14.923 
19.5952 19.5952 19.5952 19.5952 19.5952 19.5952 19.5952 
15.6857 15.6857 15.6857 15.6857 15.6857 15.6857 15.6857 
15.3612 15.3612 15.3612 15.3612 15.3612 15.3612 15.3612 


20.652 20.652 20.652 20.652 20.652 20.652 20.652 
15.5727 15.5727 15.5727 15.5727 15.5727 15.5727 15.5727 
16.333 16.333 16.333 16.333 16.333 16.333 16.333 
15.9002 15.9002 15.9002 15.9002 15.9002 15.9002 15.9002 

14.6845 14.6845 14.6845 14.6845 14.6845 14.6845 14.6845 
17.6607 17.6607 17.6607 17.6607 17.6607 17.6607 17.6607 
14.7303 14.7303 14.7303 14.7303 14.7303 14.7303 14.7303 
16.9773 16.9773 16.9773 16.9773 16.9773 16.9773 16.9773 

14.6378 14.6378 14.6378 14.6378 14.6378 14.6378 14.6378 
18.1422 18.1422 18.1422 18.1422 18.1422 18.1422 18.1422 
14.6915 14.6915 14.6915 14.6915 14.6915 14.6915 14.6915 
18.2901 18.2901 18.2901 18.2901 18.2901 18.2901 18.2901 

14.9121 14.9121 14.9121 14.9121 14.9121 14.9121 14.9121 
14.9986 14.9986 14.9986 14.9986 14.9986 14.9986 14.9986 
14.5647 14.5647 14.5647 14.5647 14.5647 14.5647 14.5647 
18.5128 18.5128 18.5128 18.5128 18.5128 18.5128 18.5128 

14.7304 14.7304 14.7304 14.7304 14.7304 14.7304 14.7304 
16.3064 16.3064 16.3064 16.3064 16.3064 16.3064 16.3064 
16.3355 16.3355 16.3355 16.3355 16.3355 16.3355 16.3355 
14.6399 14.6399 14.6399 14.6399 14.6399 14.6399 14.6399 

15.805 15.805 15.805 15.805 15.805 15.805 15.805 
16.0527 16.0527 16.0527 16.0527 16.0527 16.0527 16.0527 
14.8929 14.8929 14.8929 14.8929 14.8929 14.8929 14.8929 
15.0031 15.0031 15.0031 15.0031 15.0031 15.0031 15.0031 

19.7846 19.7846 19.7846 19.7846 19.7846 19.7846 19.7846 
17.5997 17.5997 17.5997 17.5997 17.5997 17.5997 17.5997 
18.3821 18.3821 18.3821 18.3821 18.3821 18.3821 18.3821 
22.1386 22.1386 22.1386 22.1386 22.1386 22.1386 22.1386 



18.1356 18.1356 18.1356 18.1356 18.1356 18.1356 18.1356 
17.8034 17.8034 17.8034 17.8034 17.8034 17.8034 17.8034 
15.1567 15.1567 15.1567 15.1567 15.1567 15.1567 15.1567 
16.9996 16.9996 16.9996 16.9996 16.9996 16.9996 16.9996 

15.6522 15.6522 15.6522 15.6522 15.6522 15.6522 15.6522 
14.7018 14.7018 14.7018 14.7018 14.7018 14.7018 14.7018 
18.3047 18.3047 18.3047 18.3047 18.3047 18.3047 18.3047 
14.953 14.953 14.953 14.953 14.953 14.953 14.953 

14.4993 14.4993 14.4993 14.4993 14.4993 14.4993 14.4993 
18.1444 18.1444 18.1444 18.1444 18.1444 18.1444 18.1444 
16.4436 16.4436 16.4436 16.4436 16.4436 16.4436 16.4436 
14.5163 14.5163 14.5163 14.5163 14.5163 14.5163 14.5163 

14.8091 14.8091 14.8091 14.8091 14.8091 14.8091 14.8091 
16.1204 16.1204 16.1204 16.1204 16.1204 16.1204 16.1204 
17.5223 17.5223 17.5223 17.5223 17.5223 17.5223 17.5223 
15.6071 15.6071 15.6071 15.6071 15.6071 15.6071 15.6071 

21.1313 21.1313 21.1313 21.1313 21.1313 21.1313 21.1313 
18.3417 18.3417 18.3417 18.3417 18.3417 18.3417 18.3417 
17.3561 17.3561 17.3561 17.3561 17.3561 17.3561 17.3561 
16.6634 16.6634 16.6634 16.6634 16.6634 16.6634 16.6634 

17.5123 17.5123 17.5123 17.5123 17.5123 17.5123 17.5123 
14.5578 14.5578 14.5578 14.5578 14.5578 14.5578 14.5578 
19.4503 19.4503 19.4503 19.4503 19.4503 19.4503 19.4503 
14.6796 14.6796 14.6796 14.6796 14.6796 14.6796 14.6796 

19.8786 19.8786 19.8786 19.8786 19.8786 19.8786 19.8786 
24.4806 24.4806 24.4806 24.4806 24.4806 24.4806 24.4806 
17.7387 17.7387 17.7387 17.7387 17.7387 17.7387 17.7387 
16.2397 16.2397 16.2397 16.2397 16.2397 16.2397 16.2397 


14.4935 14.4935 14.4935 14.4935 14.4935 14.4935 14.4935 
16.5336 16.5336 16.5336 16.5336 16.5336 16.5336 16.5336 
16.0247 16.0247 16.0247 16.0247 16.0247 16.0247 16.0247 
14.7196 14.7196 14.7196 14.7196 14.7196 14.7196 14.7196 

14.5451 14.5451 14.5451 14.5451 14.5451 14.5451 14.5451 
16.564 16.564 16.564 16.564 16.564 16.564 16.564 
16.6296 16.6296 16.6296 16.6296 16.6296 16.6296 16.6296 
16.0823 16.0823 16.0823 16.0823 16.0823 16.0823 16.0823 

20.0883 20.0883 20.0883 20.0883 20.0883 20.0883 20.0883 
15.1284 15.1284 15.1284 15.1284 15.1284 15.1284 15.1284 
14.8734 14.8734 14.8734 14.8734 14.8734 14.8734 14.8734 
15.0946 15.0946 15.0946 15.0946 15.0946 15.0946 15.0946 

17.2061 17.2061 17.2061 17.2061 17.2061 17.2061 17.2061 
14.6898 14.6898 14.6898 14.6898 14.6898 14.6898 14.6898 
19.0977 19.0977 19.0977 19.0977 19.0977 19.0977 19.0977 
18.4042 18.4042 18.4042 18.4042 18.4042 18.4042 18.4042 

20.2612 20.2612 20.2612 20.2612 20.2612 20.2612 20.2612 
15.0329 15.0329 15.0329 15.0329 15.0329 15.0329 15.0329 
20.5019 20.5019 20.5019 20.5019 20.5019 20.5019 20.5019 
14.67 14.67 14.67 14.67 14.67 14.67 14.67 

14.5871 14.5871 14.5871 14.5871 14.5871 14.5871 14.5871 
14.6796 14.6796 14.6796 14.6796 14.6796 14.6796 14.6796 
18.2539 18.2539 18.2539 18.2539 18.2539 18.2539 18.2539 
17.2441 17.2441 17.2441 17.2441 17.2441 17.2441 17.2441 

14.6086 14.6086 14.6086 14.6086 14.6086 14.6086 14.6086 
14.8838 14.8838 14.8838 14.8838 14.8838 14.8838 14.8838 
14.8349 14.8349 14.8349 14.8349 14.8349 14.8349 14.8349 
19.7217 19.7217 19.7217 19.7217 19.7217 19.7217 19.7217 


17.1945 17.1945 17.1945 17.1945 17.1945 17.1945 17.1945 
14.8135 14.8135 14.8135 14.8135 14.8135 14.8135 14.8135 
18.6526 18.6526 18.6526 18.6526 18.6526 18.6526 18.6526 
29.971 29.971 29.971 29.971 29.971 29.971 29.971 

15.7877 15.7877 15.7877 15.7877 15.7877 15.7877 15.7877 
16.1459 16.1459 16.1459 16.1459 16.1459 16.1459 16.1459 
18.7464 18.7464 18.7464 18.7464 18.7464 18.7464 18.7464 
17.7274 17.7274 17.7274 17.7274 17.7274 17.7274 17.7274 

15.0061 15.0061 15.0061 15.0061 15.0061 15.0061 15.0061 
18.5953 18.5953 18.5953 18.5953 18.5953 18.5953 18.5953 
18.8445 18.8445 18.8445 18.8445 18.8445 18.8445 18.8445 
20.1116 20.1116 20.1116 20.1116 20.1116 20.1116 20.1116 

14.5079 14.5079 14.5079 14.5079 14.5079 14.5079 14.5079 
15.2306 15.2306 15.2306 15.2306 15.2306 15.2306 15.2306 
15.627 15.627 15.627 15.627 15.627 15.627 15.627 
14.9428 14.9428 14.9428 14.9428 14.9428 14.9428 14.9428 

16.4766 16.4766 16.4766 16.4766 16.4766 16.4766 16.4766 
18.4809 18.4809 18.4809 18.4809 18.4809 18.4809 18.4809 
14.7868 14.7868 14.7868 14.7868 14.7868 14.7868 14.7868 
15.6964 15.6964 15.6964 15.6964 15.6964 15.6964 15.6964 

20.0164 20.0164 20.0164 20.0164 20.0164 20.0164 20.0164 
16.7255 16.7255 16.7255 16.7255 16.7255 16.7255 16.7255 
14.6572 14.6572 14.6572 14.6572 14.6572 14.6572 14.6572 
15.9974 15.9974 15.9974 15.9974 15.9974 15.9974 15.9974 

15.3189 15.3189 15.3189 15.3189 15.3189 15.3189 15.3189 
14.6305 14.6305 14.6305 14.6305 14.6305 14.6305 14.6305 
14.8963 14.8963 14.8963 14.8963 14.8963 14.8963 14.8963 
16.4102 16.4102 16.4102 16.4102 16.4102 16.4102 16.4102 


16.6282 16.6282 16.6282 16.6282 16.6282 16.6282 16.6282 
16.0442 16.0442 16.0442 16.0442 16.0442 16.0442 16.0442 
29.8044 29.8044 29.8044 29.8044 29.8044 29.8044 29.8044 
45.4026 45.4026 45.4026 45.4026 45.4026 45.4026 45.4026 

14.5002 14.5002 14.5002 14.5002 14.5002 14.5002 14.5002 
18.3863 18.3863 18.3863 18.3863 18.3863 18.3863 18.3863 
14.9959 14.9959 14.9959 14.9959 14.9959 14.9959 14.9959 
19.4773 19.4773 19.4773 19.4773 19.4773 19.4773 19.4773 

18.8645 18.8645 18.8645 18.8645 18.8645 18.8645 18.8645 
15.0639 15.0639 15.0639 15.0639 15.0639 15.0639 15.0639 
18.5877 18.5877 18.5877 18.5877 18.5877 18.5877 18.5877 
17.9578 17.9578 17.9578 17.9578 17.9578 17.9578 17.9578 

18.1302 18.1302 18.1302 18.1302 18.1302 18.1302 18.1302 
18.1106 18.1106 18.1106 18.1106 18.1106 18.1106 18.1106 
16.6109 16.6109 16.6109 16.6109 16.6109 16.6109 16.6109 
14.6651 14.6651 14.6651 14.6651 14.6651 14.6651 14.6651 

14.5116 14.5116 14.5116 14.5116 14.5116 14.5116 14.5116 
16.517 16.517 16.517 16.517 16.517 16.517 16.517 
15.2569 15.2569 15.2569 15.2569 15.2569 15.2569 15.2569 
19.3951 19.3951 19.3951 19.3951 19.3951 19.3951 19.3951 

16.1951 16.1951 16.1951 16.1951 16.1951 16.1951 16.1951 
15.635 15.635 15.635 15.635 15.635 15.635 15.635 
16.4788 16.4788 16.4788 16.4788 16.4788 16.4788 16.4788 
14.9526 14.9526 14.9526 14.9526 14.9526 14.9526 14.9526 

14.7003 14.7003 14.7003 14.7003 14.7003 14.7003 14.7003 
15.1473 15.1473 15.1473 15.1473 15.1473 15.1473 15.1473 
15.9796 15.9796 15.9796 15.9796 15.9796 15.9796 15.9796 
16.4917 16.4917 16.4917 16.4917 16.4917 16.4917 16.4917 




