16.7318 16.7318 16.7318 16.7318 16.7318 16.7318 16.7318 
14.5369 14.5369 14.5369 14.5369 14.5369 14.5369 14.5369 
16.138 16.138 16.138 16.138 16.138 16.138 16.138 
14.6651 14.6651 14.6651 14.6651 14.6651 14.6651 14.6651 

15.0041 15.0041 15.0041 15.0041 15.0041 15.0041 15.0041 
16.1447 16.1447 16.1447 16.1447 16.1447 16.1447 16.1447 
15.869 15.869 15.869 15.869 15.869 15.869 15.869 
14.5961 14.5961 14.5961 14.5961 14.5961 14.5961 14.5961 

15.7447 15.7447 15.7447 15.7447 15.7447 15.7447 15.7447 
16.4887 16.4887 16.4887 16.4887 16.4887 16.4887 16.4887 
14.9498 14.9498 14.9498 14.9498 14.9498 14.9498 14.9498 
17.0564 17.0564 17.0564 17.0564 17.0564 17.0564 17.0564 

15.0222 15.0222 15.0222 15.0222 15.0222 15.0222 15.0222 
18.0687 18.0687 18.0687 18.0687 18.0687 18.0687 18.0687 
16.18 16.18 16.18 16.18 16.18 16.18 16.18 
16.4954 16.4954 16.4954 16.4954 16.4954 16.4954 16.4954 

15.0292 15.0292 15.0292 15.0292 15.0292 15.0292 15.0292 
16.0198 16.0198 16.0198 16.0198 16.0198 16.0198 16.0198 
17.6248 17.6248 17.6248 17.6248 17.6248 17.6248 17.6248 
16.8321 16.8321 16.8321 16.8321 16.8321 16.8321 16.8321 

15.9775 15.9775 15.9775 15.9775 15.9775 15.9775 15.9775 
16.6758 16.6758 16.6758 16.6758 16.6758 16.6758 16.6758 
19.8174 19.8174 19.8174 19.8174 19.8174 19.8174 19.8174 
21.2383 21.2383 21.2383 21.2383 21.2383 21.2383 21.2383 

14.636 14.636 14.636 14.636 14.636 14.636 14.636 
20.4573 20.4573 20.4573 20.4573 20.4573 20.4573 20.4573 
14.898 14.898 14.898 14.898 14.898 14.898 14.898 
14.8841 14.8841 14.8841 14.8841 14.8841 14.8841 14.8841 


16.1077 16.1077 16.1077 16.1077 16.1077 16.1077 16.1077 
17.2881 17.2881 17.2881 17.2881 17.2881 17.2881 17.2881 
14.6154 14.6154 14.6154 14.6154 14.6154 14.6154 14.6154 
19.4604 19.4604 19.4604 19.4604 19.4604 19.4604 19.4604 

18.6439 18.6439 18.6439 18.6439 18.6439 18.6439 18.6439 
20.1858 20.1858 20.1858 20.1858 20.1858 20.1858 20.1858 
14.6761 14.6761 14.6761 14.6761 14.6761 14.6761 14.6761 
14.651 14.651 14.651 14.651 14.651 14.651 14.651 

15.8541 15.8541 15.8541 15.8541 15.8541 15.8541 15.8541 
14.9252 14.9252 14.9252 14.9252 14.9252 14.9252 14.9252 
16.122 16.122 16.122 16.122 16.122 16.122 16.122 
14.5823 14.5823 14.5823 14.5823 14.5823 14.5823 14.5823 

18.1633 18.1633 18.1633 18.1633 18.1633 18.1633 18.1633 
14.9309 14.9309 14.9309 14.9309 14.9309 14.9309 14.9309 
18.4835 18.4835 18.4835 18.4835 18.4835 18.4835 18.4835 
16.8683 16.8683 16.8683 16.8683 16.8683 16.8683 16.8683 

15.6731 15.6731 15.6731 15.6731 15.6731 15.6731 15.6731 
16.4216 16.4216 16.4216 16.4216 16.4216 16.4216 16.4216 
15.1312 15.1312 15.1312 15.1312 15.1312 15.1312 15.1312 
15.0264 15.0264 15.0264 15.0264 15.0264 15.0264 15.0264 

14.8931 14.8931 14.8931 14.8931 14.8931 14.8931 14.8931 
14.8945 14.8945 14.8945 14.8945 14.8945 14.8945 14.8945 
14.9005 14.9005 14.9005 14.9005 14.9005 14.9005 14.9005 
17.6067 17.6067 17.6067 17.6067 17.6067 17.6067 17.6067 

17.6398 17.6398 17.6398 17.6398 17.6398 17.6398 17.6398 
17.655 17.655 17.655 17.655 17.655 17.655 17.655 
14.6322 14.6322 14.6322 14.6322 14.6322 14.6322 14.6322 
19.8647 19.8647 19.8647 19.8647 19.8647 19.8647 19.8647 


18.1727 18.1727 18.1727 18.1727 18.1727 18.1727 18.1727 
22.8906 22.8906 22.8906 22.8906 22.8906 22.8906 22.8906 
34.9338 34.9338 34.9338 34.9338 34.9338 34.9338 34.9338 
51.9299 51.9299 51.9299 51.9299 51.9299 51.9299 51.9299 

15.2897 15.2897 15.2897 15.2897 15.2897 15.2897 15.2897 
16.3009 16.3009 16.3009 16.3009 16.3009 16.3009 16.3009 
17.3619 17.3619 17.3619 17.3619 17.3619 17.3619 17.3619 
19.6789 19.6789 19.6789 19.6789 19.6789 19.6789 19.6789 

16.6376 16.6376 16.6376 16.6376 16.6376 16.6376 16.6376 
15.2969 15.2969 15.2969 15.2969 15.2969 15.2969 15.2969 
21.2802 21.2802 21.2802 21.2802 21.2802 21.2802 21.2802 
15.3037 15.3037 15.3037 15.3037 15.3037 15.3037 15.3037 

15.0686 15.0686 15.0686 15.0686 15.0686 15.0686 15.0686 
14.8126 14.8126 14.8126 14.8126 14.8126 14.8126 14.8126 
14.9116 14.9116 14.9116 14.9116 14.9116 14.9116 14.9116 
14.77 14.77 14.77 14.77 14.77 14.77 14.77 

18.4665 18.4665 18.4665 18.4665 18.4665 18.4665 18.4665 
18.0641 18.0641 18.0641 18.0641 18.0641 18.0641 18.0641 
15.066 15.066 15.066 15.066 15.066 15.066 15.066 
17.2613 17.2613 17.2613 17.2613 17.2613 17.2613 17.2613 

18.9445 18.9445 18.9445 18.9445 18.9445 18.9445 18.9445 
14.618 14.618 14.618 14.618 14.618 14.618 14.618 
18.2501 18.2501 18.2501 18.2501 18.2501 18.2501 18.2501 
16.5986 16.5986 16.5986 16.5986 16.5986 16.5986 16.5986 

14.9532 14.9532 14.9532 14.9532 14.9532 14.9532 14.9532 
19.6483 19.6483 19.6483 19.6483 19.6483 19.6483 19.6483 
15.721 15.721 15.721 15.721 15.721 15.721 15.721 
15.4008 15.4008 15.4008 15.4008 15.4008 15.4008 15.4008 


20.6697 20.6697 20.6697 20.6697 20.6697 20.6697 20.6697 
15.6054 15.6054 15.6054 15.6054 15.6054 15.6054 15.6054 
16.3794 16.3794 16.3794 16.3794 16.3794 16.3794 16.3794 
15.9345 15.9345 15.9345 15.9345 15.9345 15.9345 15.9345 

14.7088 14.7088 14.7088 14.7088 14.7088 14.7088 14.7088 
17.6841 17.6841 17.6841 17.6841 17.6841 17.6841 17.6841 
14.7603 14.7603 14.7603 14.7603 14.7603 14.7603 14.7603 
17.0179 17.0179 17.0179 17.0179 17.0179 17.0179 17.0179 

14.6648 14.6648 14.6648 14.6648 14.6648 14.6648 14.6648 
18.1782 18.1782 18.1782 18.1782 18.1782 18.1782 18.1782 
14.7203 14.7203 14.7203 14.7203 14.7203 14.7203 14.7203 
18.3261 18.3261 18.3261 18.3261 18.3261 18.3261 18.3261 

14.946 14.946 14.946 14.946 14.946 14.946 14.946 
15.0325 15.0325 15.0325 15.0325 15.0325 15.0325 15.0325 
14.5898 14.5898 14.5898 14.5898 14.5898 14.5898 14.5898 
18.551 18.551 18.551 18.551 18.551 18.551 18.551 

14.7548 14.7548 14.7548 14.7548 14.7548 14.7548 14.7548 
16.3481 16.3481 16.3481 16.3481 16.3481 16.3481 16.3481 
16.3754 16.3754 16.3754 16.3754 16.3754 16.3754 16.3754 
14.6643 14.6643 14.6643 14.6643 14.6643 14.6643 14.6643 

15.8412 15.8412 15.8412 15.8412 15.8412 15.8412 15.8412 
16.0943 16.0943 16.0943 16.0943 16.0943 16.0943 16.0943 
14.9261 14.9261 14.9261 14.9261 14.9261 14.9261 14.9261 
15.0345 15.0345 15.0345 15.0345 15.0345 15.0345 15.0345 

19.8309 19.8309 19.8309 19.8309 19.8309 19.8309 19.8309 
17.6271 17.6271 17.6271 17.6271 17.6271 17.6271 17.6271 
18.421 18.421 18.421 18.421 18.421 18.421 18.421 
22.1644 22.1644 22.1644 22.1644 22.1644 22.1644 22.1644 



18.1709 18.1709 18.1709 18.1709 18.1709 18.1709 18.1709 
17.8208 17.8208 17.8208 17.8208 17.8208 17.8208 17.8208 
15.1963 15.1963 15.1963 15.1963 15.1963 15.1963 15.1963 
17.0489 17.0489 17.0489 17.0489 17.0489 17.0489 17.0489 

15.6868 15.6868 15.6868 15.6868 15.6868 15.6868 15.6868 
14.727 14.727 14.727 14.727 14.727 14.727 14.727 
18.3347 18.3347 18.3347 18.3347 18.3347 18.3347 18.3347 
14.9802 14.9802 14.9802 14.9802 14.9802 14.9802 14.9802 

14.522 14.522 14.522 14.522 14.522 14.522 14.522 
18.1775 18.1775 18.1775 18.1775 18.1775 18.1775 18.1775 
16.4887 16.4887 16.4887 16.4887 16.4887 16.4887 16.4887 
14.5412 14.5412 14.5412 14.5412 14.5412 14.5412 14.5412 

14.8368 14.8368 14.8368 14.8368 14.8368 14.8368 14.8368 
16.1602 16.1602 16.1602 16.1602 16.1602 16.1602 16.1602 
17.5776 17.5776 17.5776 17.5776 17.5776 17.5776 17.5776 
15.6399 15.6399 15.6399 15.6399 15.6399 15.6399 15.6399 

21.1562 21.1562 21.1562 21.1562 21.1562 21.1562 21.1562 
18.3774 18.3774 18.3774 18.3774 18.3774 18.3774 18.3774 
17.3984 17.3984 17.3984 17.3984 17.3984 17.3984 17.3984 
16.7006 16.7006 16.7006 16.7006 16.7006 16.7006 16.7006 

17.5364 17.5364 17.5364 17.5364 17.5364 17.5364 17.5364 
14.5825 14.5825 14.5825 14.5825 14.5825 14.5825 14.5825 
19.4974 19.4974 19.4974 19.4974 19.4974 19.4974 19.4974 
14.7046 14.7046 14.7046 14.7046 14.7046 14.7046 14.7046 

19.9288 19.9288 19.9288 19.9288 19.9288 19.9288 19.9288 
24.5597 24.5597 24.5597 24.5597 24.5597 24.5597 24.5597 
17.7616 17.7616 17.7616 17.7616 17.7616 17.7616 17.7616 
16.2814 16.2814 16.2814 16.2814 16.2814 16.2814 16.2814 


14.5182 14.5182 14.5182 14.5182 14.5182 14.5182 14.5182 
16.5797 16.5797 16.5797 16.5797 16.5797 16.5797 16.5797 
16.0632 16.0632 16.0632 16.0632 16.0632 16.0632 16.0632 
14.7458 14.7458 14.7458 14.7458 14.7458 14.7458 14.7458 

14.5679 14.5679 14.5679 14.5679 14.5679 14.5679 14.5679 
16.601 16.601 16.601 16.601 16.601 16.601 16.601 
16.6732 16.6732 16.6732 16.6732 16.6732 16.6732 16.6732 
16.1208 16.1208 16.1208 16.1208 16.1208 16.1208 16.1208 

20.1351 20.1351 20.1351 20.1351 20.1351 20.1351 20.1351 
15.1582 15.1582 15.1582 15.1582 15.1582 15.1582 15.1582 
14.8988 14.8988 14.8988 14.8988 14.8988 14.8988 14.8988 
15.1275 15.1275 15.1275 15.1275 15.1275 15.1275 15.1275 

17.2547 17.2547 17.2547 17.2547 17.2547 17.2547 17.2547 
14.7176 14.7176 14.7176 14.7176 14.7176 14.7176 14.7176 
19.1387 19.1387 19.1387 19.1387 19.1387 19.1387 19.1387 
18.425 18.425 18.425 18.425 18.425 18.425 18.425 

20.3083 20.3083 20.3083 20.3083 20.3083 20.3083 20.3083 
15.062 15.062 15.062 15.062 15.062 15.062 15.062 
20.5636 20.5636 20.5636 20.5636 20.5636 20.5636 20.5636 
14.6971 14.6971 14.6971 14.6971 14.6971 14.6971 14.6971 

14.6138 14.6138 14.6138 14.6138 14.6138 14.6138 14.6138 
14.7039 14.7039 14.7039 14.7039 14.7039 14.7039 14.7039 
18.2925 18.2925 18.2925 18.2925 18.2925 18.2925 18.2925 
17.296 17.296 17.296 17.296 17.296 17.296 17.296 

14.631 14.631 14.631 14.631 14.631 14.631 14.631 
14.9149 14.9149 14.9149 14.9149 14.9149 14.9149 14.9149 
14.8596 14.8596 14.8596 14.8596 14.8596 14.8596 14.8596 
19.7773 19.7773 19.7773 19.7773 19.7773 19.7773 19.7773 


17.2555 17.2555 17.2555 17.2555 17.2555 17.2555 17.2555 
14.8392 14.8392 14.8392 14.8392 14.8392 14.8392 14.8392 
18.7465 18.7465 18.7465 18.7465 18.7465 18.7465 18.7465 
30.1126 30.1126 30.1126 30.1126 30.1126 30.1126 30.1126 

15.8252 15.8252 15.8252 15.8252 15.8252 15.8252 15.8252 
16.189 16.189 16.189 16.189 16.189 16.189 16.189 
18.7803 18.7803 18.7803 18.7803 18.7803 18.7803 18.7803 
17.7769 17.7769 17.7769 17.7769 17.7769 17.7769 17.7769 

15.0343 15.0343 15.0343 15.0343 15.0343 15.0343 15.0343 
18.6384 18.6384 18.6384 18.6384 18.6384 18.6384 18.6384 
18.8798 18.8798 18.8798 18.8798 18.8798 18.8798 18.8798 
20.1698 20.1698 20.1698 20.1698 20.1698 20.1698 20.1698 

14.5318 14.5318 14.5318 14.5318 14.5318 14.5318 14.5318 
15.2579 15.2579 15.2579 15.2579 15.2579 15.2579 15.2579 
15.6625 15.6625 15.6625 15.6625 15.6625 15.6625 15.6625 
14.9771 14.9771 14.9771 14.9771 14.9771 14.9771 14.9771 

16.5205 16.5205 16.5205 16.5205 16.5205 16.5205 16.5205 
18.5266 18.5266 18.5266 18.5266 18.5266 18.5266 18.5266 
14.8154 14.8154 14.8154 14.8154 14.8154 14.8154 14.8154 
15.7305 15.7305 15.7305 15.7305 15.7305 15.7305 15.7305 

20.0526 20.0526 20.0526 20.0526 20.0526 20.0526 20.0526 
16.76 16.76 16.76 16.76 16.76 16.76 16.76 
14.6816 14.6816 14.6816 14.6816 14.6816 14.6816 14.6816 
16.0373 16.0373 16.0373 16.0373 16.0373 16.0373 16.0373 

15.3527 15.3527 15.3527 15.3527 15.3527 15.3527 15.3527 
14.6549 14.6549 14.6549 14.6549 14.6549 14.6549 14.6549 
14.9261 14.9261 14.9261 14.9261 14.9261 14.9261 14.9261 
16.4511 16.4511 16.4511 16.4511 16.4511 16.4511 16.4511 


16.6734 16.6734 16.6734 16.6734 16.6734 16.6734 16.6734 
16.0742 16.0742 16.0742 16.0742 16.0742 16.0742 16.0742 
29.9818 29.9818 29.9818 29.9818 29.9818 29.9818 29.9818 
45.4173 45.4173 45.4173 45.4173 45.4173 45.4173 45.4173 

14.5255 14.5255 14.5255 14.5255 14.5255 14.5255 14.5255 
18.4267 18.4267 18.4267 18.4267 18.4267 18.4267 18.4267 
15.0246 15.0246 15.0246 15.0246 15.0246 15.0246 15.0246 
19.5164 19.5164 19.5164 19.5164 19.5164 19.5164 19.5164 

18.9001 18.9001 18.9001 18.9001 18.9001 18.9001 18.9001 
15.0916 15.0916 15.0916 15.0916 15.0916 15.0916 15.0916 
18.6285 18.6285 18.6285 18.6285 18.6285 18.6285 18.6285 
17.9901 17.9901 17.9901 17.9901 17.9901 17.9901 17.9901 

18.1858 18.1858 18.1858 18.1858 18.1858 18.1858 18.1858 
18.1478 18.1478 18.1478 18.1478 18.1478 18.1478 18.1478 
16.6467 16.6467 16.6467 16.6467 16.6467 16.6467 16.6467 
14.6914 14.6914 14.6914 14.6914 14.6914 14.6914 14.6914 

14.5366 14.5366 14.5366 14.5366 14.5366 14.5366 14.5366 
16.5584 16.5584 16.5584 16.5584 16.5584 16.5584 16.5584 
15.2949 15.2949 15.2949 15.2949 15.2949 15.2949 15.2949 
19.4422 19.4422 19.4422 19.4422 19.4422 19.4422 19.4422 

16.2365 16.2365 16.2365 16.2365 16.2365 16.2365 16.2365 
15.6696 15.6696 15.6696 15.6696 15.6696 15.6696 15.6696 
16.5259 16.5259 16.5259 16.5259 16.5259 16.5259 16.5259 
14.9808 14.9808 14.9808 14.9808 14.9808 14.9808 14.9808 

14.7263 14.7263 14.7263 14.7263 14.7263 14.7263 14.7263 
15.177 15.177 15.177 15.177 15.177 15.177 15.177 
16.0162 16.0162 16.0162 16.0162 16.0162 16.0162 16.0162 
16.5354 16.5354 16.5354 16.5354 16.5354 16.5354 16.5354 




