lost	3000	0.9	-20
lost	2999	0.891	-40
lost	2998	0.88209	-40
lost	2997	0.873269	-40
lost	2996	0.864536	-20
lost	2995	0.855891	60
lost	2994	0.847332	0
lost	2993	0.838859	20
lost	2992	0.83047	100
lost	2991	0.822166	20
lost	2990	0.813944	100
lost	2989	0.805804	-20
win	2988	0.797746	186
lost	2987	0.789769	-20
lost	2986	0.781871	0
lost	2985	0.774053	-20
lost	2984	0.766312	80
lost	2983	0.758649	-20
lost	2982	0.751062	-40
lost	2981	0.743552	20
lost	2980	0.736116	-40
lost	2979	0.728755	0
lost	2978	0.721468	100
lost	2977	0.714253	-20
lost	2976	0.70711	-20
lost	2975	0.700039	0
lost	2974	0.693039	-40
lost	2973	0.686108	0
lost	2972	0.679247	100
lost	2971	0.672455	40
lost	2970	0.66573	0
lost	2969	0.659073	100
lost	2968	0.652482	-40
lost	2967	0.645957	100
lost	2966	0.639498	20
lost	2965	0.633103	-40
lost	2964	0.626772	40
lost	2963	0.620504	-20
lost	2962	0.614299	0
lost	2961	0.608156	0
win	2960	0.602075	160
lost	2959	0.596054	0
lost	2958	0.590093	-40
lost	2957	0.584192	-38
lost	2956	0.57835	40
lost	2955	0.572567	0
lost	2954	0.566841	120
lost	2953	0.561173	40
lost	2952	0.555561	80
lost	2951	0.550006	-40
lost	2950	0.544505	20
lost	2949	0.53906	40
lost	2948	0.53367	100
lost	2947	0.528333	20
lost	2946	0.52305	-20
lost	2945	0.517819	0
lost	2944	0.512641	140
lost	2943	0.507515	-20
lost	2942	0.50244	40
lost	2941	0.497415	0
lost	2940	0.492441	120
lost	2939	0.487517	40
lost	2938	0.482641	20
lost	2937	0.477815	-40
lost	2936	0.473037	0
lost	2935	0.468306	100
lost	2934	0.463623	60
lost	2933	0.458987	80
lost	2932	0.454397	0
lost	2931	0.449853	40
lost	2930	0.445355	-40
lost	2929	0.440901	20
lost	2928	0.436492	80
lost	2927	0.432127	0
lost	2926	0.427806	80
lost	2925	0.423528	0
lost	2924	0.419293	0
lost	2923	0.4151	0
lost	2922	0.410949	40
lost	2921	0.406839	40
lost	2920	0.402771	-20
win	2919	0.398743	186
win	2918	0.394756	174
win	2917	0.390808	204
lost	2916	0.3869	40
lost	2915	0.383031	0
lost	2914	0.379201	0
lost	2913	0.375409	40
win	2912	0.371655	168
lost	2911	0.367938	60
lost	2910	0.364259	-18
lost	2909	0.360616	60
lost	2908	0.35701	20
lost	2907	0.35344	40
win	2906	0.349906	0
lost	2905	0.346406	80
lost	2904	0.342942	40
lost	2903	0.339513	-20
lost	2902	0.336118	20
win	2901	0.332757	204
win	2900	0.329429	204
win	2899	0.326135	204
lost	2898	0.322873	40
lost	2897	0.319645	60
win	2896	0.316448	174
lost	2895	0.313284	0
lost	2894	0.310151	60
lost	2893	0.307049	0
lost	2892	0.303979	20
lost	2891	0.300939	120
lost	2890	0.29793	0
lost	2889	0.29495	80
win	2888	0.292001	192
lost	2887	0.289081	20
lost	2886	0.28619	0
lost	2885	0.283328	40
lost	2884	0.280495	20
win	2883	0.27769	192
win	2882	0.274913	168
lost	2881	0.272164	60
win	2880	0.269442	180
lost	2879	0.266748	62
win	2878	0.26408	160
lost	2877	0.26144	120
lost	2876	0.258825	0
lost	2875	0.256237	100
win	2874	0.253675	162
lost	2873	0.251138	-20
win	2872	0.248627	210
lost	2871	0.24614	40
lost	2870	0.243679	60
lost	2869	0.241242	120
lost	2868	0.23883	100
lost	2867	0.236441	120
lost	2866	0.234077	40
lost	2865	0.231736	0
win	2864	0.229419	174
lost	2863	0.227125	0
lost	2862	0.224853	80
lost	2861	0.222605	0
lost	2860	0.220379	60
lost	2859	0.218175	100
lost	2858	0.215993	0
win	2857	0.213833	210
win	2856	0.211695	160
win	2855	0.209578	204
win	2854	0.207482	192
win	2853	0.205407	180
lost	2852	0.203353	42
lost	2851	0.20132	142
lost	2850	0.199307	80
lost	2849	0.197314	60
lost	2848	0.19534	-20
win	2847	0.193387	160
lost	2846	0.191453	120
lost	2845	0.189539	0
win	2844	0.187643	180
win	2843	0.185767	162
win	2842	0.183909	198
win	2841	0.18207	162
lost	2840	0.180249	60
lost	2839	0.178447	20
lost	2838	0.176662	40
win	2837	0.174896	210
lost	2836	0.173147	100
lost	2835	0.171415	20
lost	2834	0.169701	80
win	2833	0.168004	174
lost	2832	0.166324	40
lost	2831	0.164661	80
lost	2830	0.163014	100
win	2829	0.161384	198
win	2828	0.15977	168
lost	2827	0.158173	40
win	2826	0.156591	198
win	2825	0.155025	198
win	2824	0.153475	162
win	2823	0.15194	198
lost	2822	0.150421	80
win	2821	0.148916	198
lost	2820	0.147427	-20
win	2819	0.145953	162
lost	2818	0.144493	80
lost	2817	0.143048	80
win	2816	0.141618	204
win	2815	0.140202	162
win	2814	0.1388	198
win	2813	0.137412	168
win	2812	0.136038	198
lost	2811	0.134677	40
lost	2810	0.13333	100
win	2809	0.131997	162
lost	2808	0.130677	120
lost	2807	0.12937	40
win	2806	0.128077	210
win	2805	0.126796	210
lost	2804	0.125528	140
win	2803	0.124273	198
lost	2802	0.12303	0
lost	2801	0.1218	80
lost	2800	0.120582	120
lost	2799	0.119376	80
win	2798	0.118182	162
win	2797	0.117	162
lost	2796	0.11583	120
lost	2795	0.114672	60
lost	2794	0.113525	80
win	2793	0.11239	162
lost	2792	0.111266	100
win	2791	0.110153	198
lost	2790	0.109052	100
lost	2789	0.107961	40
lost	2788	0.106882	120
lost	2787	0.105813	100
lost	2786	0.104755	-20
win	2785	0.103707	168
lost	2784	0.10267	-20
lost	2783	0.101644	100
win	2782	0.100627	162
lost	2781	0.0996208	20
win	2780	0.0986246	174
win	2779	0.0976384	186
win	2778	0.096662	178
lost	2777	0.0956954	0
win	2776	0.0947384	174
lost	2775	0.093791	120
lost	2774	0.0928531	100
win	2773	0.0919246	198
win	2772	0.0910053	168
win	2771	0.0900953	168
win	2770	0.0891943	186
lost	2769	0.0883024	80
win	2768	0.0874194	192
lost	2767	0.0865452	0
lost	2766	0.0856797	80
win	2765	0.0848229	186
win	2764	0.0839747	168
lost	2763	0.0831349	0
win	2762	0.0823036	198
win	2761	0.0814806	216
win	2760	0.0806658	172
win	2759	0.0798591	204
win	2758	0.0790605	198
win	2757	0.0782699	198
lost	2756	0.0774872	122
win	2755	0.0767123	162
win	2754	0.0759452	216
win	2753	0.0751858	186
lost	2752	0.0744339	0
lost	2751	0.0736896	40
lost	2750	0.0729527	60
win	2749	0.0722231	0
lost	2748	0.0715009	120
win	2747	0.0707859	180
win	2746	0.070078	186
lost	2745	0.0693773	120
win	2744	0.0686835	204
lost	2743	0.0679967	80
lost	2742	0.0673167	0
lost	2741	0.0666435	60
win	2740	0.0659771	198
lost	2739	0.0653173	20
lost	2738	0.0646641	20
lost	2737	0.0640175	120
lost	2736	0.0633773	120
lost	2735	0.0627435	80
win	2734	0.0621161	210
lost	2733	0.061495	0
win	2732	0.06088	174
lost	2731	0.0602712	80
win	2730	0.0596685	142
lost	2729	0.0590718	40
win	2728	0.0584811	210
lost	2727	0.0578963	140
lost	2726	0.0573173	120
win	2725	0.0567441	198
win	2724	0.0561767	216
lost	2723	0.0556149	40
lost	2722	0.0550588	140
lost	2721	0.0545082	80
win	2720	0.0539631	174
lost	2719	0.0534235	60
win	2718	0.0528892	162
win	2717	0.0523604	180
lost	2716	0.0518368	40
win	2715	0.0513184	180
lost	2714	0.0508052	80
lost	2713	0.0502971	40
win	2712	0.0497942	198
lost	2711	0.0492962	40
lost	2710	0.0488033	140
lost	2709	0.0483152	80
lost	2708	0.0478321	20
lost	2707	0.0473538	80
lost	2706	0.0468802	80
win	2705	0.0464114	168
win	2704	0.0459473	0
win	2703	0.0454878	198
win	2702	0.045033	198
lost	2701	0.0445826	40
win	2700	0.0441368	210
win	2699	0.0436954	210
win	2698	0.0432585	192
win	2697	0.0428259	162
lost	2696	0.0423976	140
win	2695	0.0419737	180
win	2694	0.0415539	216
win	2693	0.0411384	198
lost	2692	0.040727	20
win	2691	0.0403197	198
lost	2690	0.0399165	120
win	2689	0.0395174	204
lost	2688	0.0391222	40
lost	2687	0.038731	0
lost	2686	0.0383437	120
win	2685	0.0379602	186
lost	2684	0.0375806	40
win	2683	0.0372048	160
lost	2682	0.0368328	140
win	2681	0.0364644	216
lost	2680	0.0360998	100
lost	2679	0.0357388	80
lost	2678	0.0353814	100
win	2677	0.0350276	160
lost	2676	0.0346773	120
lost	2675	0.0343305	120
lost	2674	0.0339872	80
lost	2673	0.0336474	80
win	2672	0.0333109	160
win	2671	0.0329778	174
win	2670	0.032648	192
win	2669	0.0323215	192
win	2668	0.0319983	180
lost	2667	0.0316783	-20
lost	2666	0.0313615	40
win	2665	0.0310479	168
lost	2664	0.0307375	100
win	2663	0.0304301	180
win	2662	0.0301258	168
lost	2661	0.0298245	100
lost	2660	0.0295263	120
win	2659	0.029231	216
lost	2658	0.0289387	100
win	2657	0.0286493	186
win	2656	0.0283628	204
lost	2655	0.0280792	80
lost	2654	0.0277984	100
win	2653	0.0275204	198
lost	2652	0.0272452	100
win	2651	0.0269728	210
lost	2650	0.026703	0
win	2649	0.026436	204
win	2648	0.0261716	174
win	2647	0.0259099	162
win	2646	0.0256508	160
win	2645	0.0253943	198
win	2644	0.0251404	216
lost	2643	0.024889	140
win	2642	0.0246401	198
lost	2641	0.0243937	60
lost	2640	0.0241497	140
win	2639	0.0239082	216
lost	2638	0.0236692	100
win	2637	0.0234325	216
lost	2636	0.0231981	0
lost	2635	0.0229662	40
win	2634	0.0227365	192
lost	2633	0.0225091	80
win	2632	0.022284	192
win	2631	0.0220612	186
win	2630	0.0218406	222
win	2629	0.0216222	186
win	2628	0.021406	216
lost	2627	0.0211919	100
win	2626	0.02098	210
lost	2625	0.0207702	120
win	2624	0.0205625	180
win	2623	0.0203569	186
lost	2622	0.0201533	80
win	2621	0.0199518	180
win	2620	0.0197522	180
win	2619	0.0195547	174
lost	2618	0.0193592	80
win	2617	0.0191656	168
win	2616	0.0189739	174
win	2615	0.0187842	186
lost	2614	0.0185963	80
win	2613	0.0184104	186
win	2612	0.0182263	204
win	2611	0.018044	210
win	2610	0.0178636	162
win	2609	0.0176849	186
win	2608	0.0175081	198
win	2607	0.017333	210
lost	2606	0.0171597	82
lost	2605	0.0169881	100
win	2604	0.0168182	166
win	2603	0.01665	160
win	2602	0.0164835	162
lost	2601	0.0163187	60
win	2600	0.0161555	186
win	2599	0.0159939	0
win	2598	0.015834	162
win	2597	0.0156757	216
win	2596	0.0155189	198
lost	2595	0.0153637	80
win	2594	0.0152101	222
win	2593	0.015058	216
win	2592	0.0149074	192
win	2591	0.0147583	216
win	2590	0.0146107	160
lost	2589	0.0144646	80
lost	2588	0.01432	-40
win	2587	0.0141768	160
win	2586	0.014035	210
lost	2585	0.0138947	120
win	2584	0.0137557	192
win	2583	0.0136182	0
win	2582	0.013482	160
lost	2581	0.0133472	40
win	2580	0.0132137	204
lost	2579	0.0130816	100
win	2578	0.0129507	210
win	2577	0.0128212	204
lost	2576	0.012693	40
win	2575	0.0125661	192
lost	2574	0.0124404	80
win	2573	0.012316	210
win	2572	0.0121929	168
win	2571	0.0120709	192
win	2570	0.0119502	198
win	2569	0.0118307	160
lost	2568	0.0117124	80
lost	2567	0.0115953	40
win	2566	0.0114793	174
win	2565	0.0113645	186
lost	2564	0.0112509	120
win	2563	0.0111384	198
lost	2562	0.011027	80
win	2561	0.0109167	174
lost	2560	0.0108076	120
win	2559	0.0106995	198
win	2558	0.0105925	228
win	2557	0.0104866	180
win	2556	0.0103817	180
win	2555	0.0102779	162
lost	2554	0.0101751	40
win	2553	0.0100734	178
win	2552	0.00997263	184
lost	2551	0.0098729	40
win	2550	0.00977417	166
win	2549	0.00967643	192
lost	2548	0.00957967	60
lost	2547	0.00948387	120
win	2546	0.00938903	0
lost	2545	0.00929514	60
win	2544	0.00920219	192
lost	2543	0.00911017	60
lost	2542	0.00901907	60
lost	2541	0.00892888	82
win	2540	0.00883959	162
win	2539	0.00875119	160
lost	2538	0.00866368	80
win	2537	0.00857704	0
win	2536	0.00849127	162
win	2535	0.00840636	192
lost	2534	0.0083223	80
lost	2533	0.00823907	60
win	2532	0.00815668	186
lost	2531	0.00807512	80
win	2530	0.00799436	210
lost	2529	0.00791442	140
win	2528	0.00783528	168
win	2527	0.00775692	192
win	2526	0.00767936	180
win	2525	0.00760256	174
win	2524	0.00752654	198
lost	2523	0.00745127	80
lost	2522	0.00737676	40
lost	2521	0.00730299	80
win	2520	0.00722996	210
lost	2519	0.00715766	60
lost	2518	0.00708608	102
win	2517	0.00701522	180
win	2516	0.00694507	180
lost	2515	0.00687562	100
lost	2514	0.00680686	60
win	2513	0.0067388	204
win	2512	0.00667141	186
win	2511	0.00660469	180
lost	2510	0.00653865	80
lost	2509	0.00647326	80
lost	2508	0.00640853	80
win	2507	0.00634444	0
win	2506	0.006281	198
lost	2505	0.00621819	102
win	2504	0.00615601	168
win	2503	0.00609445	180
win	2502	0.0060335	198
lost	2501	0.00597317	140
lost	2500	0.00591343	120
win	2499	0.0058543	210
lost	2498	0.00579576	120
win	2497	0.0057378	210
lost	2496	0.00568042	80
lost	2495	0.00562362	0
win	2494	0.00556738	168
lost	2493	0.00551171	80
lost	2492	0.00545659	40
lost	2491	0.00540202	80
win	2490	0.005348	198
win	2489	0.00529452	204
win	2488	0.00524158	174
win	2487	0.00518916	192
win	2486	0.00513727	198
lost	2485	0.0050859	-40
win	2484	0.00503504	210
win	2483	0.00498469	198
win	2482	0.00493484	204
win	2481	0.00488549	162
win	2480	0.00483664	174
win	2479	0.00478827	162
win	2478	0.00474039	204
win	2477	0.00469299	204
win	2476	0.00464606	162
win	2475	0.0045996	198
win	2474	0.0045536	168
win	2473	0.00450806	210
lost	2472	0.00446298	120
lost	2471	0.00441835	40
lost	2470	0.00437417	102
win	2469	0.00433043	204
win	2468	0.00428712	168
win	2467	0.00424425	168
win	2466	0.00420181	160
win	2465	0.00415979	162
lost	2464	0.00411819	80
win	2463	0.00407701	162
win	2462	0.00403624	160
win	2461	0.00399588	180
win	2460	0.00395592	198
win	2459	0.00391636	204
lost	2458	0.0038772	0
lost	2457	0.00383843	120
win	2456	0.00380004	174
lost	2455	0.00376204	80
win	2454	0.00372442	0
win	2453	0.00368718	198
win	2452	0.0036503	204
lost	2451	0.0036138	100
win	2450	0.00357766	0
win	2449	0.00354189	198
win	2448	0.00350647	210
win	2447	0.0034714	180
win	2446	0.00343669	162
win	2445	0.00340232	192
win	2444	0.0033683	204
win	2443	0.00333462	180
lost	2442	0.00330127	20
win	2441	0.00326826	174
lost	2440	0.00323558	80
win	2439	0.00320322	162
win	2438	0.00317119	174
lost	2437	0.00313948	120
win	2436	0.00310808	198
win	2435	0.003077	198
win	2434	0.00304623	168
win	2433	0.00301577	204
win	2432	0.00298561	174
win	2431	0.00295575	162
lost	2430	0.0029262	120
win	2429	0.00289693	198
win	2428	0.00286796	198
win	2427	0.00283929	216
win	2426	0.00281089	162
lost	2425	0.00278278	80
win	2424	0.00275496	192
lost	2423	0.00272741	100
lost	2422	0.00270013	120
win	2421	0.00267313	204
win	2420	0.0026464	174
win	2419	0.00261994	168
win	2418	0.00259374	162
win	2417	0.0025678	180
win	2416	0.00254212	180
win	2415	0.0025167	198
lost	2414	0.00249153	80
win	2413	0.00246662	216
lost	2412	0.00244195	80
win	2411	0.00241753	198
win	2410	0.00239336	186
win	2409	0.00236942	162
win	2408	0.00234573	180
win	2407	0.00232227	204
win	2406	0.00229905	174
win	2405	0.00227606	0
win	2404	0.0022533	168
win	2403	0.00223076	192
lost	2402	0.00220846	120
win	2401	0.00218637	210
lost	2400	0.00216451	40
lost	2399	0.00214286	142
win	2398	0.00212143	186
win	2397	0.00210022	0
lost	2396	0.00207922	140
lost	2395	0.00205843	100
win	2394	0.00203784	168
win	2393	0.00201746	162
win	2392	0.00199729	186
lost	2391	0.00197732	40
lost	2390	0.00195754	80
win	2389	0.00193797	168
lost	2388	0.00191859	80
win	2387	0.0018994	168
win	2386	0.00188041	210
win	2385	0.0018616	168
win	2384	0.00184299	168
win	2383	0.00182456	216
win	2382	0.00180631	0
win	2381	0.00178825	198
win	2380	0.00177037	204
win	2379	0.00175266	186
win	2378	0.00173514	192
win	2377	0.00171778	174
lost	2376	0.00170061	80
lost	2375	0.0016836	140
lost	2374	0.00166676	40
win	2373	0.0016501	180
lost	2372	0.0016336	80
win	2371	0.00161726	174
win	2370	0.00160109	162
win	2369	0.00158508	222
win	2368	0.00156923	162
win	2367	0.00155353	198
win	2366	0.001538	216
win	2365	0.00152262	216
win	2364	0.00150739	180
win	2363	0.00149232	204
win	2362	0.0014774	198
lost	2361	0.00146262	100
win	2360	0.00144799	204
win	2359	0.00143352	180
win	2358	0.00141918	204
win	2357	0.00140499	162
win	2356	0.00139094	198
lost	2355	0.00137703	100
win	2354	0.00136326	162
lost	2353	0.00134963	120
lost	2352	0.00133613	40
lost	2351	0.00132277	80
win	2350	0.00130954	204
lost	2349	0.00129645	80
win	2348	0.00128348	174
win	2347	0.00127065	204
lost	2346	0.00125794	60
lost	2345	0.00124536	142
win	2344	0.00123291	160
win	2343	0.00122058	168
win	2342	0.00120837	204
lost	2341	0.00119629	100
win	2340	0.00118433	198
lost	2339	0.00117248	80
win	2338	0.00116076	162
win	2337	0.00114915	186
win	2336	0.00113766	174
lost	2335	0.00112628	120
win	2334	0.00111502	210
win	2333	0.00110387	168
win	2332	0.00109283	198
win	2331	0.0010819	180
win	2330	0.00107108	204
lost	2329	0.00106037	120
lost	2328	0.00104977	120
win	2327	0.00103927	186
lost	2326	0.00102888	120
lost	2325	0.00101859	102
win	2324	0.0010084	160
win	2323	0.000998319	162
win	2322	0.000988336	162
win	2321	0.000978452	222
win	2320	0.000968668	222
lost	2319	0.000958981	80
lost	2318	0.000949391	40
win	2317	0.000939897	160
win	2316	0.000930498	168
win	2315	0.000921193	160
win	2314	0.000911981	198
lost	2313	0.000902862	120
win	2312	0.000893833	216
lost	2311	0.000884895	140
win	2310	0.000876046	168
win	2309	0.000867285	168
win	2308	0.000858612	162
lost	2307	0.000850026	80
win	2306	0.000841526	216
win	2305	0.000833111	180
win	2304	0.00082478	180
lost	2303	0.000816532	40
win	2302	0.000808367	160
win	2301	0.000800283	192
win	2300	0.00079228	180
win	2299	0.000784357	186
win	2298	0.000776514	0
win	2297	0.000768749	174
win	2296	0.000761061	180
lost	2295	0.00075345	40
win	2294	0.000745916	162
win	2293	0.000738457	198
win	2292	0.000731072	168
win	2291	0.000723762	162
win	2290	0.000716524	204
win	2289	0.000709359	162
win	2288	0.000702265	204
win	2287	0.000695242	198
win	2286	0.00068829	180
win	2285	0.000681407	168
win	2284	0.000674593	180
win	2283	0.000667847	168
win	2282	0.000661169	0
lost	2281	0.000654557	60
win	2280	0.000648011	198
win	2279	0.000641531	216
win	2278	0.000635116	204
win	2277	0.000628765	198
win	2276	0.000622477	180
win	2275	0.000616252	198
win	2274	0.00061009	204
win	2273	0.000603989	168
win	2272	0.000597949	198
win	2271	0.00059197	228
win	2270	0.00058605	186
lost	2269	0.000580189	120
win	2268	0.000574387	204
lost	2267	0.000568644	80
lost	2266	0.000562957	60
win	2265	0.000557328	198
win	2264	0.000551754	186
win	2263	0.000546237	204
win	2262	0.000540774	198
win	2261	0.000535367	198
win	2260	0.000530013	180
win	2259	0.000524713	186
win	2258	0.000519466	174
win	2257	0.000514271	160
win	2256	0.000509128	198
lost	2255	0.000504037	80
lost	2254	0.000498997	80
win	2253	0.000494007	204
lost	2252	0.000489067	60
lost	2251	0.000484176	80
win	2250	0.000479334	186
win	2249	0.000474541	198
win	2248	0.000469795	204
lost	2247	0.000465098	140
win	2246	0.000460447	198
lost	2245	0.000455842	60
win	2244	0.000451284	204
lost	2243	0.000446771	80
win	2242	0.000442303	174
win	2241	0.00043788	168
win	2240	0.000433501	180
win	2239	0.000429166	192
win	2238	0.000424875	160
win	2237	0.000420626	168
win	2236	0.00041642	186
lost	2235	0.000412255	60
win	2234	0.000408133	174
win	2233	0.000404052	174
win	2232	0.000400011	174
win	2231	0.000396011	186
win	2230	0.000392051	192
win	2229	0.00038813	210
win	2228	0.000384249	216
win	2227	0.000380407	0
win	2226	0.000376602	198
win	2225	0.000372836	198
win	2224	0.000369108	210
win	2223	0.000365417	168
win	2222	0.000361763	186
lost	2221	0.000358145	120
win	2220	0.000354564	180
win	2219	0.000351018	204
lost	2218	0.000347508	40
win	2217	0.000344033	186
lost	2216	0.000340592	60
lost	2215	0.000337187	100
win	2214	0.000333815	174
win	2213	0.000330477	204
lost	2212	0.000327172	80
win	2211	0.0003239	216
win	2210	0.000320661	142
win	2209	0.000317454	210
win	2208	0.00031428	168
lost	2207	0.000311137	40
lost	2206	0.000308026	80
win	2205	0.000304945	204
win	2204	0.000301896	192
lost	2203	0.000298877	40
win	2202	0.000295888	204
win	2201	0.000292929	180
win	2200	0.00029	174
lost	2199	0.0002871	60
lost	2198	0.000284229	60
lost	2197	0.000281387	120
win	2196	0.000278573	204
win	2195	0.000275787	162
lost	2194	0.000273029	140
lost	2193	0.000270299	80
win	2192	0.000267596	216
win	2191	0.00026492	162
win	2190	0.000262271	160
lost	2189	0.000259648	80
win	2188	0.000257052	216
win	2187	0.000254481	162
lost	2186	0.000251936	60
win	2185	0.000249417	180
lost	2184	0.000246923	100
win	2183	0.000244454	204
win	2182	0.000242009	216
win	2181	0.000239589	198
win	2180	0.000237193	192
win	2179	0.000234821	168
lost	2178	0.000232473	100
win	2177	0.000230148	162
win	2176	0.000227847	196
win	2175	0.000225568	168
lost	2174	0.000223313	80
lost	2173	0.000221079	120
win	2172	0.000218869	210
lost	2171	0.00021668	142
win	2170	0.000214513	180
win	2169	0.000212368	198
win	2168	0.000210244	192
win	2167	0.000208142	192
lost	2166	0.000206061	80
win	2165	0.000204	204
win	2164	0.00020196	0
lost	2163	0.00019994	120
win	2162	0.000197941	162
win	2161	0.000195962	162
win	2160	0.000194002	180
win	2159	0.000192062	168
win	2158	0.000190141	162
lost	2157	0.00018824	80
win	2156	0.000186357	186
lost	2155	0.000184494	120
win	2154	0.000182649	192
win	2153	0.000180822	160
win	2152	0.000179014	210
lost	2151	0.000177224	40
win	2150	0.000175452	162
win	2149	0.000173697	186
lost	2148	0.00017196	120
lost	2147	0.000170241	122
lost	2146	0.000168538	80
win	2145	0.000166853	186
win	2144	0.000165184	168
lost	2143	0.000163533	100
lost	2142	0.000161897	40
lost	2141	0.000160278	80
lost	2140	0.000158675	80
win	2139	0.000157089	168
win	2138	0.000155518	162
win	2137	0.000153963	216
win	2136	0.000152423	180
lost	2135	0.000150899	120
win	2134	0.00014939	168
win	2133	0.000147896	0
win	2132	0.000146417	210
lost	2131	0.000144953	60
win	2130	0.000143503	216
lost	2129	0.000142068	80
win	2128	0.000140648	204
win	2127	0.000139241	192
win	2126	0.000137849	204
win	2125	0.00013647	168
win	2124	0.000135105	174
win	2123	0.000133754	198
win	2122	0.000132417	204
win	2121	0.000131093	180
win	2120	0.000129782	216
lost	2119	0.000128484	120
win	2118	0.000127199	204
win	2117	0.000125927	210
lost	2116	0.000124668	80
win	2115	0.000123421	186
lost	2114	0.000122187	80
lost	2113	0.000120965	80
lost	2112	0.000119755	40
win	2111	0.000118558	162
win	2110	0.000117372	180
win	2109	0.000116199	162
win	2108	0.000115037	192
win	2107	0.000113886	210
win	2106	0.000112747	210
lost	2105	0.00011162	80
win	2104	0.000110504	186
win	2103	0.000109399	186
lost	2102	0.000108305	80
win	2101	0.000107222	210
win	2100	0.000106149	168
win	2099	0.000105088	168
win	2098	0.000104037	204
win	2097	0.000102997	204
win	2096	0.000101967	162
win	2095	0.000100947	168
win	2094	9.99376e-005	198
lost	2093	9.89382e-005	120
win	2092	9.79488e-005	168
win	2091	9.69693e-005	180
win	2090	9.59996e-005	204
win	2089	9.50396e-005	198
win	2088	9.40892e-005	192
lost	2087	9.31484e-005	40
win	2086	9.22169e-005	216
win	2085	9.12947e-005	180
lost	2084	9.03818e-005	40
win	2083	8.94779e-005	162
win	2082	8.85832e-005	198
win	2081	8.76973e-005	174
win	2080	8.68204e-005	168
win	2079	8.59521e-005	186
win	2078	8.50926e-005	198
win	2077	8.42417e-005	174
win	2076	8.33993e-005	186
win	2075	8.25653e-005	184
lost	2074	8.17396e-005	80
lost	2073	8.09222e-005	60
win	2072	8.0113e-005	174
lost	2071	7.93119e-005	120
win	2070	7.85188e-005	198
lost	2069	7.77336e-005	120
lost	2068	7.69562e-005	140
win	2067	7.61867e-005	210
win	2066	7.54248e-005	186
win	2065	7.46706e-005	198
win	2064	7.39239e-005	162
win	2063	7.31846e-005	162
win	2062	7.24528e-005	174
win	2061	7.17283e-005	168
win	2060	7.1011e-005	222
lost	2059	7.03009e-005	40
win	2058	6.95978e-005	186
win	2057	6.89019e-005	192
lost	2056	6.82129e-005	80
win	2055	6.75307e-005	186
lost	2054	6.68554e-005	120
win	2053	6.61869e-005	162
win	2052	6.5525e-005	204
win	2051	6.48697e-005	192
win	2050	6.4221e-005	174
win	2049	6.35788e-005	198
win	2048	6.2943e-005	222
win	2047	6.23136e-005	204
lost	2046	6.16905e-005	120
lost	2045	6.10736e-005	22
win	2044	6.04628e-005	168
win	2043	5.98582e-005	180
win	2042	5.92596e-005	204
win	2041	5.8667e-005	198
win	2040	5.80804e-005	198
win	2039	5.74996e-005	174
win	2038	5.69246e-005	204
win	2037	5.63553e-005	162
win	2036	5.57918e-005	192
win	2035	5.52338e-005	180
win	2034	5.46815e-005	180
win	2033	5.41347e-005	198
lost	2032	5.35933e-005	80
lost	2031	5.30574e-005	40
win	2030	5.25268e-005	186
lost	2029	5.20016e-005	80
win	2028	5.14816e-005	168
win	2027	5.09667e-005	198
win	2026	5.04571e-005	204
win	2025	4.99525e-005	204
win	2024	4.9453e-005	204
win	2023	4.89584e-005	210
lost	2022	4.84689e-005	140
lost	2021	4.79842e-005	120
win	2020	4.75043e-005	180
win	2019	4.70293e-005	168
win	2018	4.6559e-005	204
lost	2017	4.60934e-005	140
win	2016	4.56325e-005	180
win	2015	4.51761e-005	210
win	2014	4.47244e-005	174
lost	2013	4.42771e-005	120
win	2012	4.38344e-005	174
lost	2011	4.3396e-005	60
lost	2010	4.29621e-005	60
win	2009	4.25324e-005	192
win	2008	4.21071e-005	192
lost	2007	4.1686e-005	100
win	2006	4.12692e-005	198
win	2005	4.08565e-005	168
lost	2004	4.04479e-005	120
lost	2003	4.00435e-005	100
win	2002	3.9643e-005	174
win	2001	3.92466e-005	162
win	2000	3.88541e-005	210
win	1999	3.84656e-005	180
win	1998	3.80809e-005	186
win	1997	3.77001e-005	162
lost	1996	3.73231e-005	80
lost	1995	3.69499e-005	120
lost	1994	3.65804e-005	80
win	1993	3.62146e-005	198
win	1992	3.58524e-005	180
lost	1991	3.54939e-005	140
win	1990	3.5139e-005	204
win	1989	3.47876e-005	198
win	1988	3.44397e-005	198
win	1987	3.40953e-005	162
win	1986	3.37544e-005	210
win	1985	3.34168e-005	210
win	1984	3.30826e-005	204
win	1983	3.27518e-005	180
win	1982	3.24243e-005	180
win	1981	3.21001e-005	198
win	1980	3.17791e-005	198
lost	1979	3.14613e-005	140
win	1978	3.11467e-005	160
win	1977	3.08352e-005	162
win	1976	3.05268e-005	204
lost	1975	3.02216e-005	80
lost	1974	2.99194e-005	40
win	1973	2.96202e-005	180
win	1972	2.9324e-005	198
lost	1971	2.90307e-005	40
win	1970	2.87404e-005	204
lost	1969	2.8453e-005	80
win	1968	2.81685e-005	204
win	1967	2.78868e-005	162
lost	1966	2.76079e-005	40
lost	1965	2.73318e-005	120
lost	1964	2.70585e-005	40
win	1963	2.67879e-005	160
lost	1962	2.65201e-005	100
win	1961	2.62549e-005	198
lost	1960	2.59923e-005	80
win	1959	2.57324e-005	198
win	1958	2.54751e-005	162
win	1957	2.52203e-005	198
win	1956	2.49681e-005	186
win	1955	2.47184e-005	210
win	1954	2.44712e-005	168
win	1953	2.42265e-005	192
lost	1952	2.39843e-005	80
lost	1951	2.37444e-005	80
win	1950	2.3507e-005	180
win	1949	2.32719e-005	154
win	1948	2.30392e-005	168
win	1947	2.28088e-005	192
win	1946	2.25807e-005	162
win	1945	2.23549e-005	160
lost	1944	2.21314e-005	120
win	1943	2.191e-005	160
win	1942	2.16909e-005	180
win	1941	2.1474e-005	210
lost	1940	2.12593e-005	80
win	1939	2.10467e-005	204
win	1938	2.08362e-005	204
win	1937	2.06279e-005	192
lost	1936	2.04216e-005	100
lost	1935	2.02174e-005	60
win	1934	2.00152e-005	198
win	1933	1.9815e-005	162
win	1932	1.96169e-005	198
win	1931	1.94207e-005	198
lost	1930	1.92265e-005	60
lost	1929	1.90343e-005	80
win	1928	1.88439e-005	198
win	1927	1.86555e-005	162
win	1926	1.84689e-005	160
win	1925	1.82842e-005	174
win	1924	1.81014e-005	162
win	1923	1.79204e-005	180
win	1922	1.77412e-005	216
win	1921	1.75638e-005	162
win	1920	1.73881e-005	204
win	1919	1.72142e-005	198
lost	1918	1.70421e-005	40
win	1917	1.68717e-005	186
win	1916	1.6703e-005	168
lost	1915	1.65359e-005	80
win	1914	1.63706e-005	204
win	1913	1.62069e-005	168
win	1912	1.60448e-005	162
win	1911	1.58843e-005	162
win	1910	1.57255e-005	204
win	1909	1.55683e-005	228
win	1908	1.54126e-005	160
lost	1907	1.52584e-005	120
lost	1906	1.51059e-005	100
win	1905	1.49548e-005	180
win	1904	1.48053e-005	180
lost	1903	1.46572e-005	80
win	1902	1.45106e-005	216
win	1901	1.43655e-005	186
lost	1900	1.42219e-005	40
win	1899	1.40796e-005	186
win	1898	1.39389e-005	186
lost	1897	1.37995e-005	82
win	1896	1.36615e-005	168
win	1895	1.35249e-005	180
win	1894	1.33896e-005	210
win	1893	1.32557e-005	192
win	1892	1.31232e-005	186
win	1891	1.29919e-005	148
win	1890	1.2862e-005	174
win	1889	1.27334e-005	210
win	1888	1.2606e-005	172
lost	1887	1.248e-005	40
lost	1886	1.23552e-005	80
lost	1885	1.22316e-005	100
win	1884	1.21093e-005	180
win	1883	1.19882e-005	162
win	1882	1.18683e-005	168
win	1881	1.17497e-005	162
win	1880	1.16322e-005	154
win	1879	1.15158e-005	180
win	1878	1.14007e-005	168
win	1877	1.12867e-005	180
win	1876	1.11738e-005	186
win	1875	1.10621e-005	204
win	1874	1.09515e-005	168
win	1873	1.08419e-005	148
win	1872	1.07335e-005	168
win	1871	1.06262e-005	168
lost	1870	1.05199e-005	40
win	1869	1.04147e-005	168
win	1868	1.03106e-005	204
lost	1867	1.02075e-005	60
win	1866	1.01054e-005	192
win	1865	1.00043e-005	186
win	1864	9.9043e-006	192
lost	1863	9.80525e-006	60
lost	1862	9.7072e-006	40
lost	1861	9.61013e-006	80
win	1860	9.51403e-006	204
win	1859	9.41889e-006	162
win	1858	9.3247e-006	204
win	1857	9.23145e-006	160
lost	1856	9.13914e-006	60
win	1855	9.04774e-006	162
win	1854	8.95727e-006	160
win	1853	8.86769e-006	160
lost	1852	8.77902e-006	100
win	1851	8.69123e-006	162
win	1850	8.60431e-006	204
win	1849	8.51827e-006	198
win	1848	8.43309e-006	198
win	1847	8.34876e-006	180
win	1846	8.26527e-006	210
win	1845	8.18262e-006	210
win	1844	8.10079e-006	162
win	1843	8.01978e-006	204
win	1842	7.93959e-006	160
lost	1841	7.86019e-006	100
win	1840	7.78159e-006	204
win	1839	7.70377e-006	0
lost	1838	7.62673e-006	62
win	1837	7.55047e-006	204
win	1836	7.47496e-006	186
win	1835	7.40021e-006	168
win	1834	7.32621e-006	192
win	1833	7.25295e-006	160
win	1832	7.18042e-006	210
lost	1831	7.10862e-006	40
win	1830	7.03753e-006	160
win	1829	6.96715e-006	204
win	1828	6.89748e-006	168
lost	1827	6.82851e-006	120
lost	1826	6.76022e-006	80
lost	1825	6.69262e-006	22
lost	1824	6.62569e-006	40
win	1823	6.55944e-006	198
win	1822	6.49384e-006	140
win	1821	6.4289e-006	198
win	1820	6.36461e-006	186
lost	1819	6.30097e-006	140
win	1818	6.23796e-006	180
win	1817	6.17558e-006	204
win	1816	6.11382e-006	210
lost	1815	6.05269e-006	140
win	1814	5.99216e-006	162
win	1813	5.93224e-006	174
win	1812	5.87291e-006	186
win	1811	5.81419e-006	160
win	1810	5.75604e-006	162
win	1809	5.69848e-006	216
win	1808	5.6415e-006	180
win	1807	5.58508e-006	168
win	1806	5.52923e-006	198
win	1805	5.47394e-006	198
win	1804	5.4192e-006	174
win	1803	5.36501e-006	168
lost	1802	5.31136e-006	100
lost	1801	5.25825e-006	100
lost	1800	5.20566e-006	60
win	1799	5.15361e-006	162
win	1798	5.10207e-006	198
win	1797	5.05105e-006	210
win	1796	5.00054e-006	168
win	1795	4.95053e-006	216
lost	1794	4.90103e-006	60
win	1793	4.85202e-006	216
lost	1792	4.8035e-006	120
win	1791	4.75546e-006	162
lost	1790	4.70791e-006	40
win	1789	4.66083e-006	168
win	1788	4.61422e-006	168
lost	1787	4.56808e-006	80
win	1786	4.5224e-006	192
lost	1785	4.47717e-006	40
lost	1784	4.4324e-006	120
lost	1783	4.38808e-006	62
win	1782	4.3442e-006	222
win	1781	4.30076e-006	168
lost	1780	4.25775e-006	140
win	1779	4.21517e-006	162
win	1778	4.17302e-006	198
win	1777	4.13129e-006	198
lost	1776	4.08998e-006	120
win	1775	4.04908e-006	0
win	1774	4.00858e-006	204
lost	1773	3.9685e-006	40
win	1772	3.92881e-006	198
win	1771	3.88953e-006	168
win	1770	3.85063e-006	180
win	1769	3.81212e-006	192
win	1768	3.774e-006	204
lost	1767	3.73626e-006	100
lost	1766	3.6989e-006	80
win	1765	3.66191e-006	174
win	1764	3.62529e-006	160
win	1763	3.58904e-006	162
win	1762	3.55315e-006	192
lost	1761	3.51762e-006	100
win	1760	3.48244e-006	186
win	1759	3.44762e-006	162
win	1758	3.41314e-006	204
win	1757	3.37901e-006	204
win	1756	3.34522e-006	192
win	1755	3.31177e-006	186
lost	1754	3.27865e-006	40
win	1753	3.24586e-006	216
lost	1752	3.2134e-006	60
lost	1751	3.18127e-006	60
win	1750	3.14946e-006	216
lost	1749	3.11796e-006	120
win	1748	3.08678e-006	162
win	1747	3.05592e-006	160
win	1746	3.02536e-006	204
lost	1745	2.9951e-006	40
lost	1744	2.96515e-006	140
win	1743	2.9355e-006	162
lost	1742	2.90615e-006	100
win	1741	2.87708e-006	192
win	1740	2.84831e-006	162
win	1739	2.81983e-006	192
lost	1738	2.79163e-006	80
win	1737	2.76372e-006	180
win	1736	2.73608e-006	180
win	1735	2.70872e-006	186
lost	1734	2.68163e-006	62
lost	1733	2.65481e-006	80
win	1732	2.62827e-006	180
lost	1731	2.60198e-006	140
lost	1730	2.57596e-006	100
lost	1729	2.5502e-006	80
win	1728	2.5247e-006	186
win	1727	2.49945e-006	0
win	1726	2.47446e-006	198
win	1725	2.44972e-006	192
lost	1724	2.42522e-006	80
win	1723	2.40097e-006	174
lost	1722	2.37696e-006	40
win	1721	2.35319e-006	186
win	1720	2.32965e-006	192
lost	1719	2.30636e-006	120
win	1718	2.28329e-006	162
win	1717	2.26046e-006	204
win	1716	2.23786e-006	162
win	1715	2.21548e-006	168
lost	1714	2.19332e-006	80
win	1713	2.17139e-006	168
win	1712	2.14968e-006	198
win	1711	2.12818e-006	192
win	1710	2.1069e-006	210
lost	1709	2.08583e-006	120
win	1708	2.06497e-006	174
win	1707	2.04432e-006	166
lost	1706	2.02388e-006	80
win	1705	2.00364e-006	142
lost	1704	1.9836e-006	120
win	1703	1.96377e-006	192
lost	1702	1.94413e-006	80
lost	1701	1.92469e-006	100
win	1700	1.90544e-006	180
win	1699	1.88639e-006	180
win	1698	1.86752e-006	180
lost	1697	1.84885e-006	80
lost	1696	1.83036e-006	80
win	1695	1.81206e-006	198
lost	1694	1.79393e-006	80
lost	1693	1.776e-006	40
lost	1692	1.75824e-006	42
win	1691	1.74065e-006	160
win	1690	1.72325e-006	180
win	1689	1.70601e-006	186
win	1688	1.68895e-006	0
win	1687	1.67206e-006	162
win	1686	1.65534e-006	190
win	1685	1.63879e-006	198
lost	1684	1.6224e-006	40
lost	1683	1.60618e-006	80
win	1682	1.59012e-006	142
lost	1681	1.57422e-006	120
win	1680	1.55847e-006	222
lost	1679	1.54289e-006	60
lost	1678	1.52746e-006	140
win	1677	1.51219e-006	216
win	1676	1.49706e-006	162
lost	1675	1.48209e-006	120
win	1674	1.46727e-006	204
lost	1673	1.4526e-006	60
win	1672	1.43807e-006	174
lost	1671	1.42369e-006	100
win	1670	1.40946e-006	186
lost	1669	1.39536e-006	40
win	1668	1.38141e-006	174
win	1667	1.36759e-006	204
lost	1666	1.35392e-006	80
lost	1665	1.34038e-006	120
lost	1664	1.32697e-006	140
win	1663	1.3137e-006	180
lost	1662	1.30057e-006	100
lost	1661	1.28756e-006	60
win	1660	1.27469e-006	160
win	1659	1.26194e-006	228
win	1658	1.24932e-006	198
win	1657	1.23683e-006	168
win	1656	1.22446e-006	210
lost	1655	1.21221e-006	80
lost	1654	1.20009e-006	40
win	1653	1.18809e-006	174
lost	1652	1.17621e-006	80
lost	1651	1.16445e-006	60
win	1650	1.1528e-006	204
win	1649	1.14128e-006	198
win	1648	1.12986e-006	192
lost	1647	1.11856e-006	80
win	1646	1.10738e-006	162
win	1645	1.0963e-006	168
win	1644	1.08534e-006	204
win	1643	1.07449e-006	198
win	1642	1.06374e-006	192
win	1641	1.05311e-006	162
win	1640	1.04257e-006	198
win	1639	1.03215e-006	180
win	1638	1.02183e-006	168
lost	1637	1.01161e-006	42
win	1636	1.00149e-006	210
lost	1635	9.91478e-007	100
win	1634	9.81563e-007	204
lost	1633	9.71748e-007	60
win	1632	9.6203e-007	162
win	1631	9.5241e-007	204
win	1630	9.42886e-007	168
win	1629	9.33457e-007	204
lost	1628	9.24122e-007	80
win	1627	9.14881e-007	168
win	1626	9.05732e-007	210
win	1625	8.96675e-007	198
win	1624	8.87708e-007	204
win	1623	8.78831e-007	210
lost	1622	8.70043e-007	80
win	1621	8.61342e-007	192
win	1620	8.52729e-007	0
win	1619	8.44202e-007	210
lost	1618	8.3576e-007	140
win	1617	8.27402e-007	180
win	1616	8.19128e-007	180
win	1615	8.10937e-007	0
lost	1614	8.02827e-007	120
win	1613	7.94799e-007	162
lost	1612	7.86851e-007	120
lost	1611	7.78983e-007	40
win	1610	7.71193e-007	180
win	1609	7.63481e-007	174
win	1608	7.55846e-007	210
win	1607	7.48288e-007	210
win	1606	7.40805e-007	198
win	1605	7.33397e-007	180
lost	1604	7.26063e-007	120
win	1603	7.18802e-007	180
lost	1602	7.11614e-007	40
win	1601	7.04498e-007	204
lost	1600	6.97453e-007	80
win	1599	6.90478e-007	180
lost	1598	6.83574e-007	142
win	1597	6.76738e-007	198
lost	1596	6.69971e-007	60
win	1595	6.63271e-007	198
win	1594	6.56638e-007	198
win	1593	6.50072e-007	222
lost	1592	6.43571e-007	120
lost	1591	6.37135e-007	40
lost	1590	6.30764e-007	80
lost	1589	6.24456e-007	140
win	1588	6.18212e-007	186
lost	1587	6.1203e-007	120
win	1586	6.05909e-007	210
win	1585	5.9985e-007	160
win	1584	5.93852e-007	216
win	1583	5.87913e-007	162
lost	1582	5.82034e-007	40
win	1581	5.76214e-007	168
lost	1580	5.70452e-007	80
lost	1579	5.64747e-007	100
win	1578	5.591e-007	0
win	1577	5.53509e-007	210
win	1576	5.47974e-007	204
lost	1575	5.42494e-007	80
win	1574	5.37069e-007	174
lost	1573	5.31698e-007	120
lost	1572	5.26381e-007	80
win	1571	5.21117e-007	192
win	1570	5.15906e-007	186
win	1569	5.10747e-007	160
win	1568	5.0564e-007	168
win	1567	5.00583e-007	168
win	1566	4.95577e-007	162
win	1565	4.90622e-007	168
lost	1564	4.85715e-007	40
lost	1563	4.80858e-007	100
win	1562	4.7605e-007	216
lost	1561	4.71289e-007	40
lost	1560	4.66576e-007	60
win	1559	4.61911e-007	174
win	1558	4.57291e-007	198
win	1557	4.52719e-007	186
win	1556	4.48191e-007	162
win	1555	4.43709e-007	174
win	1554	4.39272e-007	186
lost	1553	4.3488e-007	40
win	1552	4.30531e-007	216
win	1551	4.26226e-007	204
win	1550	4.21963e-007	168
win	1549	4.17744e-007	174
win	1548	4.13566e-007	204
lost	1547	4.09431e-007	40
lost	1546	4.05336e-007	80
lost	1545	4.01283e-007	120
win	1544	3.9727e-007	174
win	1543	3.93297e-007	0
win	1542	3.89364e-007	160
win	1541	3.85471e-007	198
win	1540	3.81616e-007	180
win	1539	3.778e-007	0
win	1538	3.74022e-007	204
win	1537	3.70282e-007	198
lost	1536	3.66579e-007	80
lost	1535	3.62913e-007	40
win	1534	3.59284e-007	198
win	1533	3.55691e-007	180
win	1532	3.52134e-007	162
lost	1531	3.48613e-007	60
win	1530	3.45127e-007	204
lost	1529	3.41675e-007	140
win	1528	3.38259e-007	210
win	1527	3.34876e-007	186
win	1526	3.31527e-007	210
win	1525	3.28212e-007	168
lost	1524	3.2493e-007	120
lost	1523	3.21681e-007	140
win	1522	3.18464e-007	162
win	1521	3.15279e-007	162
win	1520	3.12126e-007	222
win	1519	3.09005e-007	216
lost	1518	3.05915e-007	80
lost	1517	3.02856e-007	100
win	1516	2.99827e-007	198
win	1515	2.96829e-007	190
lost	1514	2.93861e-007	80
win	1513	2.90922e-007	180
win	1512	2.88013e-007	186
lost	1511	2.85133e-007	100
win	1510	2.82282e-007	210
win	1509	2.79459e-007	180
win	1508	2.76664e-007	204
lost	1507	2.73897e-007	80
win	1506	2.71159e-007	162
win	1505	2.68447e-007	210
win	1504	2.65762e-007	198
win	1503	2.63105e-007	180
win	1502	2.60474e-007	210
win	1501	2.57869e-007	192
win	1500	2.5529e-007	216
win	1499	2.52737e-007	210
lost	1498	2.5021e-007	80
win	1497	2.47708e-007	198
win	1496	2.45231e-007	204
win	1495	2.42779e-007	174
win	1494	2.40351e-007	198
lost	1493	2.37947e-007	40
win	1492	2.35568e-007	210
lost	1491	2.33212e-007	40
win	1490	2.3088e-007	174
win	1489	2.28571e-007	186
win	1488	2.26286e-007	180
win	1487	2.24023e-007	192
lost	1486	2.21782e-007	40
win	1485	2.19565e-007	204
win	1484	2.17369e-007	198
win	1483	2.15195e-007	228
win	1482	2.13043e-007	174
win	1481	2.10913e-007	180
win	1480	2.08804e-007	204
lost	1479	2.06716e-007	40
win	1478	2.04649e-007	198
lost	1477	2.02602e-007	140
win	1476	2.00576e-007	210
win	1475	1.9857e-007	162
lost	1474	1.96585e-007	140
lost	1473	1.94619e-007	60
win	1472	1.92673e-007	204
lost	1471	1.90746e-007	120
win	1470	1.88838e-007	198
win	1469	1.8695e-007	160
win	1468	1.8508e-007	168
win	1467	1.8323e-007	210
lost	1466	1.81397e-007	100
lost	1465	1.79583e-007	140
win	1464	1.77788e-007	186
win	1463	1.7601e-007	162
win	1462	1.7425e-007	204
win	1461	1.72507e-007	168
lost	1460	1.70782e-007	60
lost	1459	1.69074e-007	80
win	1458	1.67383e-007	174
win	1457	1.6571e-007	168
win	1456	1.64053e-007	198
win	1455	1.62412e-007	162
win	1454	1.60788e-007	160
win	1453	1.5918e-007	198
lost	1452	1.57588e-007	120
win	1451	1.56012e-007	210
win	1450	1.54452e-007	160
lost	1449	1.52908e-007	80
win	1448	1.51379e-007	174
win	1447	1.49865e-007	162
win	1446	1.48366e-007	228
lost	1445	1.46883e-007	80
win	1444	1.45414e-007	204
lost	1443	1.4396e-007	140
win	1442	1.4252e-007	204
win	1441	1.41095e-007	180
lost	1440	1.39684e-007	40
lost	1439	1.38287e-007	60
win	1438	1.36904e-007	160
win	1437	1.35535e-007	204
lost	1436	1.3418e-007	120
win	1435	1.32838e-007	210
win	1434	1.3151e-007	160
win	1433	1.30194e-007	180
win	1432	1.28892e-007	160
lost	1431	1.27604e-007	80
win	1430	1.26328e-007	204
lost	1429	1.25064e-007	120
win	1428	1.23814e-007	210
win	1427	1.22575e-007	174
win	1426	1.2135e-007	174
lost	1425	1.20136e-007	80
win	1424	1.18935e-007	204
win	1423	1.17746e-007	154
win	1422	1.16568e-007	204
lost	1421	1.15402e-007	120
win	1420	1.14248e-007	162
win	1419	1.13106e-007	198
lost	1418	1.11975e-007	60
win	1417	1.10855e-007	196
win	1416	1.09747e-007	160
win	1415	1.08649e-007	168
win	1414	1.07563e-007	192
win	1413	1.06487e-007	198
win	1412	1.05422e-007	210
lost	1411	1.04368e-007	120
win	1410	1.03324e-007	198
win	1409	1.02291e-007	0
win	1408	1.01268e-007	168
win	1407	1.00255e-007	166
win	1406	9.92528e-008	168
win	1405	9.82603e-008	228
lost	1404	9.72777e-008	120
win	1403	9.63049e-008	168
lost	1402	9.53418e-008	80
win	1401	9.43884e-008	198
win	1400	9.34445e-008	204
lost	1399	9.25101e-008	80
lost	1398	9.1585e-008	140
win	1397	9.06691e-008	210
win	1396	8.97624e-008	180
win	1395	8.88648e-008	174
win	1394	8.79762e-008	0
win	1393	8.70964e-008	162
lost	1392	8.62254e-008	100
lost	1391	8.53632e-008	140
win	1390	8.45096e-008	160
win	1389	8.36645e-008	192
win	1388	8.28278e-008	186
lost	1387	8.19995e-008	60
win	1386	8.11795e-008	198
lost	1385	8.03677e-008	80
win	1384	7.95641e-008	186
win	1383	7.87684e-008	186
win	1382	7.79807e-008	204
lost	1381	7.72009e-008	40
win	1380	7.64289e-008	198
win	1379	7.56646e-008	216
win	1378	7.4908e-008	204
win	1377	7.41589e-008	216
lost	1376	7.34173e-008	120
lost	1375	7.26831e-008	80
win	1374	7.19563e-008	192
lost	1373	7.12368e-008	40
win	1372	7.05244e-008	180
win	1371	6.98191e-008	198
win	1370	6.9121e-008	204
win	1369	6.84297e-008	168
lost	1368	6.77454e-008	80
win	1367	6.7068e-008	216
win	1366	6.63973e-008	204
lost	1365	6.57333e-008	80
lost	1364	6.5076e-008	100
win	1363	6.44252e-008	216
lost	1362	6.3781e-008	80
win	1361	6.31432e-008	162
win	1360	6.25117e-008	198
win	1359	6.18866e-008	180
win	1358	6.12678e-008	162
win	1357	6.06551e-008	204
win	1356	6.00485e-008	0
lost	1355	5.94481e-008	80
lost	1354	5.88536e-008	80
win	1353	5.8265e-008	160
win	1352	5.76824e-008	166
win	1351	5.71056e-008	198
win	1350	5.65345e-008	168
win	1349	5.59692e-008	162
win	1348	5.54095e-008	162
lost	1347	5.48554e-008	80
win	1346	5.43068e-008	210
win	1345	5.37638e-008	192
win	1344	5.32261e-008	210
win	1343	5.26939e-008	198
lost	1342	5.21669e-008	40
win	1341	5.16452e-008	168
win	1340	5.11288e-008	204
win	1339	5.06175e-008	180
lost	1338	5.01113e-008	60
win	1337	4.96102e-008	198
win	1336	4.91141e-008	204
win	1335	4.8623e-008	174
win	1334	4.81367e-008	204
win	1333	4.76554e-008	198
lost	1332	4.71788e-008	60
win	1331	4.6707e-008	204
win	1330	4.624e-008	204
win	1329	4.57776e-008	198
win	1328	4.53198e-008	160
win	1327	4.48666e-008	192
win	1326	4.44179e-008	168
win	1325	4.39737e-008	198
win	1324	4.3534e-008	198
win	1323	4.30987e-008	180
win	1322	4.26677e-008	174
lost	1321	4.2241e-008	60
win	1320	4.18186e-008	180
lost	1319	4.14004e-008	40
win	1318	4.09864e-008	186
win	1317	4.05765e-008	162
win	1316	4.01708e-008	162
win	1315	3.97691e-008	204
win	1314	3.93714e-008	160
win	1313	3.89777e-008	0
win	1312	3.85879e-008	210
win	1311	3.8202e-008	210
lost	1310	3.782e-008	40
win	1309	3.74418e-008	216
win	1308	3.70674e-008	180
win	1307	3.66967e-008	192
win	1306	3.63297e-008	198
lost	1305	3.59664e-008	100
lost	1304	3.56068e-008	120
lost	1303	3.52507e-008	40
win	1302	3.48982e-008	198
win	1301	3.45492e-008	198
win	1300	3.42037e-008	204
win	1299	3.38617e-008	198
win	1298	3.35231e-008	192
lost	1297	3.31878e-008	80
win	1296	3.2856e-008	174
win	1295	3.25274e-008	192
win	1294	3.22021e-008	180
win	1293	3.18801e-008	162
win	1292	3.15613e-008	204
win	1291	3.12457e-008	198
win	1290	3.09332e-008	174
win	1289	3.06239e-008	186
lost	1288	3.03177e-008	120
win	1287	3.00145e-008	160
lost	1286	2.97143e-008	80
win	1285	2.94172e-008	192
win	1284	2.9123e-008	210
win	1283	2.88318e-008	198
win	1282	2.85435e-008	216
win	1281	2.8258e-008	198
win	1280	2.79755e-008	204
win	1279	2.76957e-008	180
win	1278	2.74187e-008	162
win	1277	2.71446e-008	198
win	1276	2.68731e-008	192
win	1275	2.66044e-008	198
lost	1274	2.63383e-008	140
lost	1273	2.6075e-008	80
win	1272	2.58142e-008	186
lost	1271	2.55561e-008	80
lost	1270	2.53005e-008	80
win	1269	2.50475e-008	186
win	1268	2.4797e-008	196
win	1267	2.45491e-008	160
lost	1266	2.43036e-008	40
lost	1265	2.40605e-008	140
win	1264	2.38199e-008	184
win	1263	2.35817e-008	186
lost	1262	2.33459e-008	40
win	1261	2.31124e-008	228
lost	1260	2.28813e-008	40
lost	1259	2.26525e-008	100
lost	1258	2.2426e-008	80
win	1257	2.22017e-008	162
win	1256	2.19797e-008	190
lost	1255	2.17599e-008	100
lost	1254	2.15423e-008	120
lost	1253	2.13269e-008	80
win	1252	2.11136e-008	162
lost	1251	2.09025e-008	60
win	1250	2.06935e-008	198
win	1249	2.04865e-008	192
win	1248	2.02817e-008	204
win	1247	2.00788e-008	186
win	1246	1.98781e-008	216
lost	1245	1.96793e-008	140
win	1244	1.94825e-008	162
win	1243	1.92877e-008	168
win	1242	1.90948e-008	204
lost	1241	1.89038e-008	100
win	1240	1.87148e-008	204
lost	1239	1.85276e-008	120
win	1238	1.83424e-008	174
win	1237	1.81589e-008	180
win	1236	1.79774e-008	180
win	1235	1.77976e-008	174
lost	1234	1.76196e-008	80
win	1233	1.74434e-008	180
win	1232	1.7269e-008	204
win	1231	1.70963e-008	210
lost	1230	1.69253e-008	40
win	1229	1.67561e-008	210
win	1228	1.65885e-008	186
win	1227	1.64226e-008	198
lost	1226	1.62584e-008	120
win	1225	1.60958e-008	204
win	1224	1.59349e-008	180
win	1223	1.57755e-008	174
win	1222	1.56178e-008	204
win	1221	1.54616e-008	174
win	1220	1.5307e-008	198
win	1219	1.51539e-008	204
win	1218	1.50023e-008	204
win	1217	1.48523e-008	186
win	1216	1.47038e-008	192
win	1215	1.45568e-008	204
win	1214	1.44112e-008	190
lost	1213	1.42671e-008	140
win	1212	1.41244e-008	204
win	1211	1.39832e-008	160
win	1210	1.38433e-008	192
win	1209	1.37049e-008	162
win	1208	1.35679e-008	204
lost	1207	1.34322e-008	120
win	1206	1.32979e-008	186
lost	1205	1.31649e-008	120
win	1204	1.30332e-008	216
win	1203	1.29029e-008	168
win	1202	1.27739e-008	192
win	1201	1.26461e-008	198
win	1200	1.25197e-008	204
win	1199	1.23945e-008	186
lost	1198	1.22705e-008	40
lost	1197	1.21478e-008	80
win	1196	1.20263e-008	204
win	1195	1.19061e-008	204
lost	1194	1.1787e-008	120
win	1193	1.16691e-008	198
win	1192	1.15525e-008	198
lost	1191	1.14369e-008	80
win	1190	1.13226e-008	192
win	1189	1.12093e-008	216
lost	1188	1.10972e-008	80
win	1187	1.09863e-008	168
win	1186	1.08764e-008	228
win	1185	1.07676e-008	142
win	1184	1.066e-008	180
win	1183	1.05534e-008	162
win	1182	1.04478e-008	162
win	1181	1.03434e-008	186
lost	1180	1.02399e-008	80
win	1179	1.01375e-008	198
win	1178	1.00361e-008	174
lost	1177	9.93579e-009	100
win	1176	9.83643e-009	168
win	1175	9.73806e-009	162
win	1174	9.64068e-009	160
win	1173	9.54428e-009	222
win	1172	9.44883e-009	168
win	1171	9.35435e-009	204
win	1170	9.2608e-009	168
win	1169	9.16819e-009	174
win	1168	9.07651e-009	162
win	1167	8.98575e-009	162
win	1166	8.89589e-009	204
lost	1165	8.80693e-009	80
lost	1164	8.71886e-009	60
win	1163	8.63167e-009	162
win	1162	8.54536e-009	162
win	1161	8.4599e-009	192
win	1160	8.3753e-009	160
win	1159	8.29155e-009	186
lost	1158	8.20864e-009	100
win	1157	8.12655e-009	162
win	1156	8.04528e-009	168
win	1155	7.96483e-009	180
win	1154	7.88518e-009	204
win	1153	7.80633e-009	166
lost	1152	7.72827e-009	40
win	1151	7.65098e-009	162
lost	1150	7.57447e-009	60
win	1149	7.49873e-009	162
win	1148	7.42374e-009	186
win	1147	7.34951e-009	222
win	1146	7.27601e-009	216
win	1145	7.20325e-009	162
win	1144	7.13122e-009	186
win	1143	7.05991e-009	198
lost	1142	6.98931e-009	120
win	1141	6.91941e-009	186
lost	1140	6.85022e-009	40
win	1139	6.78172e-009	198
win	1138	6.7139e-009	186
win	1137	6.64676e-009	180
lost	1136	6.58029e-009	120
win	1135	6.51449e-009	186
win	1134	6.44935e-009	162
lost	1133	6.38485e-009	120
lost	1132	6.321e-009	120
win	1131	6.25779e-009	198
win	1130	6.19522e-009	204
lost	1129	6.13326e-009	82
win	1128	6.07193e-009	198
win	1127	6.01121e-009	186
lost	1126	5.9511e-009	140
win	1125	5.89159e-009	186
win	1124	5.83267e-009	186
win	1123	5.77435e-009	162
lost	1122	5.7166e-009	60
win	1121	5.65944e-009	0
win	1120	5.60284e-009	222
win	1119	5.54681e-009	162
win	1118	5.49135e-009	198
lost	1117	5.43643e-009	60
win	1116	5.38207e-009	162
win	1115	5.32825e-009	198
win	1114	5.27496e-009	180
win	1113	5.22221e-009	186
win	1112	5.16999e-009	204
lost	1111	5.11829e-009	100
lost	1110	5.06711e-009	60
win	1109	5.01644e-009	186
win	1108	4.96627e-009	198
win	1107	4.91661e-009	186
win	1106	4.86745e-009	174
lost	1105	4.81877e-009	60
win	1104	4.77058e-009	198
win	1103	4.72288e-009	180
win	1102	4.67565e-009	198
win	1101	4.62889e-009	186
win	1100	4.5826e-009	198
lost	1099	4.53678e-009	120
win	1098	4.49141e-009	174
lost	1097	4.4465e-009	60
win	1096	4.40203e-009	186
win	1095	4.35801e-009	204
win	1094	4.31443e-009	204
win	1093	4.27129e-009	162
win	1092	4.22857e-009	174
lost	1091	4.18629e-009	100
win	1090	4.14442e-009	204
lost	1089	4.10298e-009	120
win	1088	4.06195e-009	186
win	1087	4.02133e-009	154
lost	1086	3.98112e-009	40
win	1085	3.94131e-009	160
lost	1084	3.90189e-009	140
win	1083	3.86287e-009	162
win	1082	3.82425e-009	168
lost	1081	3.786e-009	120
lost	1080	3.74814e-009	80
lost	1079	3.71066e-009	80
win	1078	3.67355e-009	142
win	1077	3.63682e-009	162
win	1076	3.60045e-009	198
lost	1075	3.56445e-009	60
win	1074	3.5288e-009	168
win	1073	3.49351e-009	192
win	1072	3.45858e-009	162
win	1071	3.42399e-009	204
win	1070	3.38975e-009	180
win	1069	3.35586e-009	148
win	1068	3.3223e-009	168
win	1067	3.28907e-009	198
win	1066	3.25618e-009	180
lost	1065	3.22362e-009	100
win	1064	3.19139e-009	198
win	1063	3.15947e-009	162
win	1062	3.12788e-009	198
win	1061	3.0966e-009	204
win	1060	3.06563e-009	186
win	1059	3.03498e-009	162
win	1058	3.00463e-009	186
win	1057	2.97458e-009	186
win	1056	2.94483e-009	198
win	1055	2.91539e-009	204
win	1054	2.88623e-009	202
win	1053	2.85737e-009	204
win	1052	2.8288e-009	210
win	1051	2.80051e-009	174
lost	1050	2.7725e-009	120
lost	1049	2.74478e-009	80
win	1048	2.71733e-009	0
win	1047	2.69016e-009	168
lost	1046	2.66326e-009	40
lost	1045	2.63662e-009	80
win	1044	2.61026e-009	198
lost	1043	2.58415e-009	20
win	1042	2.55831e-009	174
lost	1041	2.53273e-009	100
lost	1040	2.5074e-009	80
lost	1039	2.48233e-009	120
win	1038	2.4575e-009	168
lost	1037	2.43293e-009	140
win	1036	2.4086e-009	162
win	1035	2.38451e-009	180
win	1034	2.36067e-009	168
win	1033	2.33706e-009	160
lost	1032	2.31369e-009	80
win	1031	2.29055e-009	192
win	1030	2.26765e-009	216
lost	1029	2.24497e-009	80
win	1028	2.22252e-009	186
win	1027	2.2003e-009	0
win	1026	2.17829e-009	160
lost	1025	2.15651e-009	80
lost	1024	2.13495e-009	100
win	1023	2.1136e-009	180
lost	1022	2.09246e-009	40
lost	1021	2.07154e-009	80
win	1020	2.05082e-009	168
win	1019	2.03031e-009	180
win	1018	2.01001e-009	198
lost	1017	1.98991e-009	80
win	1016	1.97001e-009	216
win	1015	1.95031e-009	216
lost	1014	1.93081e-009	80
win	1013	1.9115e-009	210
win	1012	1.89238e-009	186
win	1011	1.87346e-009	0
win	1010	1.85473e-009	216
win	1009	1.83618e-009	198
win	1008	1.81782e-009	186
lost	1007	1.79964e-009	80
win	1006	1.78164e-009	204
lost	1005	1.76383e-009	100
win	1004	1.74619e-009	198
win	1003	1.72873e-009	204
lost	1002	1.71144e-009	120
lost	1001	1.69432e-009	40
win	1000	1.67738e-009	210
win	999	1.66061e-009	162
win	998	1.644e-009	204
win	997	1.62756e-009	198
lost	996	1.61129e-009	60
win	995	1.59517e-009	192
win	994	1.57922e-009	204
win	993	1.56343e-009	168
win	992	1.54779e-009	162
win	991	1.53232e-009	204
win	990	1.51699e-009	210
win	989	1.50182e-009	204
win	988	1.48681e-009	168
win	987	1.47194e-009	204
win	986	1.45722e-009	204
win	985	1.44265e-009	162
lost	984	1.42822e-009	80
lost	983	1.41394e-009	140
win	982	1.3998e-009	162
win	981	1.3858e-009	216
win	980	1.37194e-009	168
win	979	1.35822e-009	160
win	978	1.34464e-009	204
win	977	1.33119e-009	204
win	976	1.31788e-009	210
win	975	1.3047e-009	222
lost	974	1.29166e-009	62
lost	973	1.27874e-009	80
win	972	1.26595e-009	160
win	971	1.25329e-009	204
win	970	1.24076e-009	168
win	969	1.22835e-009	168
win	968	1.21607e-009	198
lost	967	1.20391e-009	120
lost	966	1.19187e-009	80
win	965	1.17995e-009	186
win	964	1.16815e-009	168
lost	963	1.15647e-009	40
win	962	1.1449e-009	186
win	961	1.13346e-009	186
win	960	1.12212e-009	160
win	959	1.1109e-009	204
win	958	1.09979e-009	168
lost	957	1.08879e-009	100
win	956	1.0779e-009	186
win	955	1.06713e-009	204
win	954	1.05645e-009	180
lost	953	1.04589e-009	100
win	952	1.03543e-009	162
lost	951	1.02508e-009	80
win	950	1.01483e-009	186
win	949	1.00468e-009	174
lost	948	9.94631e-010	120
win	947	9.84684e-010	204
win	946	9.74837e-010	216
win	945	9.65089e-010	204
win	944	9.55438e-010	162
win	943	9.45884e-010	210
win	942	9.36425e-010	180
win	941	9.27061e-010	180
win	940	9.1779e-010	186
win	939	9.08612e-010	186
win	938	8.99526e-010	154
win	937	8.90531e-010	168
win	936	8.81626e-010	192
win	935	8.72809e-010	204
win	934	8.64081e-010	180
win	933	8.5544e-010	162
win	932	8.46886e-010	168
lost	931	8.38417e-010	60
win	930	8.30033e-010	198
win	929	8.21733e-010	180
win	928	8.13515e-010	210
win	927	8.0538e-010	198
win	926	7.97326e-010	168
win	925	7.89353e-010	198
win	924	7.8146e-010	204
win	923	7.73645e-010	0
win	922	7.65908e-010	174
lost	921	7.58249e-010	60
win	920	7.50667e-010	216
win	919	7.4316e-010	204
win	918	7.35729e-010	204
lost	917	7.28371e-010	120
win	916	7.21088e-010	168
win	915	7.13877e-010	162
win	914	7.06738e-010	186
win	913	6.99671e-010	198
lost	912	6.92674e-010	80
lost	911	6.85747e-010	100
win	910	6.7889e-010	174
win	909	6.72101e-010	186
win	908	6.6538e-010	168
lost	907	6.58726e-010	120
lost	906	6.52139e-010	80
lost	905	6.45617e-010	40
lost	904	6.39161e-010	60
lost	903	6.3277e-010	120
win	902	6.26442e-010	216
win	901	6.20177e-010	186
lost	900	6.13976e-010	60
lost	899	6.07836e-010	82
win	898	6.01758e-010	198
lost	897	5.9574e-010	100
win	896	5.89783e-010	198
win	895	5.83885e-010	210
win	894	5.78046e-010	216
win	893	5.72265e-010	198
win	892	5.66543e-010	198
win	891	5.60877e-010	0
lost	890	5.55269e-010	80
win	889	5.49716e-010	210
win	888	5.44219e-010	174
win	887	5.38777e-010	198
lost	886	5.33389e-010	80
lost	885	5.28055e-010	60
win	884	5.22774e-010	198
win	883	5.17547e-010	192
win	882	5.12371e-010	174
win	881	5.07247e-010	168
win	880	5.02175e-010	180
win	879	4.97153e-010	162
win	878	4.92182e-010	168
win	877	4.8726e-010	162
win	876	4.82387e-010	180
lost	875	4.77563e-010	142
win	874	4.72788e-010	168
win	873	4.6806e-010	178
win	872	4.63379e-010	168
win	871	4.58745e-010	216
win	870	4.54158e-010	198
win	869	4.49616e-010	186
win	868	4.4512e-010	160
lost	867	4.40669e-010	142
win	866	4.36262e-010	198
win	865	4.319e-010	0
win	864	4.27581e-010	162
win	863	4.23305e-010	186
win	862	4.19072e-010	180
lost	861	4.14881e-010	80
lost	860	4.10732e-010	40
win	859	4.06625e-010	210
win	858	4.02559e-010	186
win	857	3.98533e-010	204
win	856	3.94548e-010	198
win	855	3.90602e-010	204
lost	854	3.86696e-010	40
win	853	3.82829e-010	180
win	852	3.79001e-010	174
lost	851	3.75211e-010	100
win	850	3.71459e-010	180
win	849	3.67744e-010	162
win	848	3.64067e-010	186
win	847	3.60426e-010	216
lost	846	3.56822e-010	100
win	845	3.53254e-010	192
win	844	3.49721e-010	192
lost	843	3.46224e-010	80
lost	842	3.42762e-010	80
lost	841	3.39334e-010	120
lost	840	3.35941e-010	140
win	839	3.32581e-010	186
win	838	3.29256e-010	162
win	837	3.25963e-010	174
win	836	3.22703e-010	198
lost	835	3.19476e-010	122
win	834	3.16282e-010	184
win	833	3.13119e-010	204
win	832	3.09988e-010	186
win	831	3.06888e-010	168
lost	830	3.03819e-010	100
win	829	3.00781e-010	162
lost	828	2.97773e-010	40
win	827	2.94795e-010	204
win	826	2.91847e-010	186
win	825	2.88929e-010	204
win	824	2.86039e-010	168
win	823	2.83179e-010	160
win	822	2.80347e-010	162
win	821	2.77544e-010	204
lost	820	2.74768e-010	120
lost	819	2.72021e-010	60
lost	818	2.693e-010	140
win	817	2.66607e-010	204
win	816	2.63941e-010	186
win	815	2.61302e-010	186
lost	814	2.58689e-010	100
win	813	2.56102e-010	186
win	812	2.53541e-010	192
lost	811	2.51006e-010	120
win	810	2.48496e-010	210
win	809	2.46011e-010	174
lost	808	2.43551e-010	80
win	807	2.41115e-010	168
lost	806	2.38704e-010	40
win	805	2.36317e-010	198
lost	804	2.33954e-010	80
win	803	2.31614e-010	180
win	802	2.29298e-010	186
win	801	2.27005e-010	192
lost	800	2.24735e-010	80
win	799	2.22488e-010	168
win	798	2.20263e-010	192
win	797	2.1806e-010	210
win	796	2.15879e-010	216
win	795	2.13721e-010	198
lost	794	2.11583e-010	140
win	793	2.09468e-010	198
win	792	2.07373e-010	180
win	791	2.05299e-010	198
win	790	2.03246e-010	166
win	789	2.01214e-010	186
win	788	1.99202e-010	186
lost	787	1.9721e-010	140
win	786	1.95238e-010	168
lost	785	1.93285e-010	60
win	784	1.91352e-010	204
win	783	1.89439e-010	168
win	782	1.87544e-010	160
win	781	1.85669e-010	168
win	780	1.83812e-010	174
win	779	1.81974e-010	168
win	778	1.80154e-010	172
win	777	1.78353e-010	162
lost	776	1.76569e-010	40
win	775	1.74804e-010	180
lost	774	1.73056e-010	140
win	773	1.71325e-010	204
win	772	1.69612e-010	174
win	771	1.67916e-010	198
win	770	1.66237e-010	192
win	769	1.64574e-010	180
win	768	1.62928e-010	192
lost	767	1.61299e-010	80
win	766	1.59686e-010	192
win	765	1.58089e-010	204
win	764	1.56508e-010	168
win	763	1.54943e-010	168
win	762	1.53394e-010	192
win	761	1.5186e-010	204
lost	760	1.50341e-010	140
win	759	1.48838e-010	162
lost	758	1.4735e-010	120
win	757	1.45876e-010	168
win	756	1.44417e-010	162
win	755	1.42973e-010	198
lost	754	1.41543e-010	80
lost	753	1.40128e-010	100
win	752	1.38727e-010	192
win	751	1.37339e-010	174
win	750	1.35966e-010	210
lost	749	1.34606e-010	60
lost	748	1.3326e-010	140
win	747	1.31928e-010	198
win	746	1.30608e-010	180
win	745	1.29302e-010	198
lost	744	1.28009e-010	80
lost	743	1.26729e-010	20
win	742	1.25462e-010	222
win	741	1.24207e-010	198
lost	740	1.22965e-010	120
win	739	1.21736e-010	162
win	738	1.20518e-010	204
win	737	1.19313e-010	204
win	736	1.1812e-010	222
win	735	1.16939e-010	198
win	734	1.15769e-010	180
win	733	1.14612e-010	168
lost	732	1.13466e-010	100
win	731	1.12331e-010	160
win	730	1.11208e-010	210
win	729	1.10095e-010	186
win	728	1.08995e-010	186
win	727	1.07905e-010	180
win	726	1.06826e-010	192
win	725	1.05757e-010	180
lost	724	1.047e-010	120
win	723	1.03653e-010	198
win	722	1.02616e-010	204
win	721	1.0159e-010	210
win	720	1.00574e-010	222
win	719	9.95684e-011	198
win	718	9.85727e-011	168
win	717	9.7587e-011	186
lost	716	9.66111e-011	120
lost	715	9.5645e-011	120
lost	714	9.46885e-011	100
win	713	9.37416e-011	198
win	712	9.28042e-011	162
win	711	9.18762e-011	180
win	710	9.09574e-011	174
lost	709	9.00478e-011	120
lost	708	8.91474e-011	60
win	707	8.82559e-011	204
win	706	8.73733e-011	216
win	705	8.64996e-011	198
win	704	8.56346e-011	198
win	703	8.47783e-011	198
lost	702	8.39305e-011	120
lost	701	8.30912e-011	100
win	700	8.22603e-011	186
win	699	8.14377e-011	210
win	698	8.06233e-011	168
lost	697	7.9817e-011	60
win	696	7.90189e-011	192
lost	695	7.82287e-011	60
lost	694	7.74464e-011	80
win	693	7.66719e-011	198
win	692	7.59052e-011	210
lost	691	7.51462e-011	80
win	690	7.43947e-011	192
lost	689	7.36508e-011	80
lost	688	7.29143e-011	80
lost	687	7.21851e-011	80
win	686	7.14633e-011	204
win	685	7.07486e-011	180
win	684	7.00411e-011	180
win	683	6.93407e-011	210
win	682	6.86473e-011	210
lost	681	6.79608e-011	80
lost	680	6.72812e-011	80
win	679	6.66084e-011	168
win	678	6.59423e-011	160
win	677	6.52829e-011	0
win	676	6.46301e-011	180
win	675	6.39838e-011	180
lost	674	6.3344e-011	80
win	673	6.27105e-011	222
lost	672	6.20834e-011	120
win	671	6.14626e-011	210
win	670	6.08479e-011	210
win	669	6.02395e-011	204
win	668	5.96371e-011	180
win	667	5.90407e-011	184
lost	666	5.84503e-011	80
win	665	5.78658e-011	198
win	664	5.72871e-011	204
win	663	5.67143e-011	204
lost	662	5.61471e-011	120
lost	661	5.55856e-011	100
win	660	5.50298e-011	186
lost	659	5.44795e-011	80
win	658	5.39347e-011	168
lost	657	5.33954e-011	80
win	656	5.28614e-011	180
lost	655	5.23328e-011	120
win	654	5.18095e-011	186
win	653	5.12914e-011	198
win	652	5.07784e-011	210
lost	651	5.02707e-011	120
win	650	4.9768e-011	210
win	649	4.92703e-011	204
win	648	4.87776e-011	198
lost	647	4.82898e-011	120
win	646	4.78069e-011	192
win	645	4.73288e-011	168
lost	644	4.68555e-011	80
win	643	4.6387e-011	174
win	642	4.59231e-011	174
win	641	4.54639e-011	174
win	640	4.50092e-011	0
lost	639	4.45592e-011	140
win	638	4.41136e-011	162
lost	637	4.36724e-011	140
win	636	4.32357e-011	192
lost	635	4.28033e-011	42
win	634	4.23753e-011	186
win	633	4.19516e-011	174
win	632	4.1532e-011	204
win	631	4.11167e-011	198
win	630	4.07056e-011	216
win	629	4.02985e-011	162
win	628	3.98955e-011	162
lost	627	3.94966e-011	140
win	626	3.91016e-011	204
lost	625	3.87106e-011	120
win	624	3.83235e-011	186
lost	623	3.79402e-011	120
lost	622	3.75608e-011	60
win	621	3.71852e-011	198
win	620	3.68134e-011	162
lost	619	3.64452e-011	60
win	618	3.60808e-011	162
win	617	3.572e-011	160
lost	616	3.53628e-011	100
lost	615	3.50092e-011	120
lost	614	3.46591e-011	80
win	613	3.43125e-011	210
win	612	3.39693e-011	204
lost	611	3.36297e-011	100
win	610	3.32934e-011	198
win	609	3.29604e-011	192
win	608	3.26308e-011	168
win	607	3.23045e-011	180
lost	606	3.19815e-011	80
lost	605	3.16617e-011	82
lost	604	3.1345e-011	60
win	603	3.10316e-011	198
win	602	3.07213e-011	204
win	601	3.04141e-011	222
win	600	3.01099e-011	198
win	599	2.98088e-011	198
win	598	2.95107e-011	162
lost	597	2.92156e-011	120
win	596	2.89235e-011	142
lost	595	2.86342e-011	60
win	594	2.83479e-011	198
win	593	2.80644e-011	198
win	592	2.77838e-011	160
win	591	2.75059e-011	168
win	590	2.72309e-011	174
win	589	2.69586e-011	204
win	588	2.6689e-011	180
win	587	2.64221e-011	192
win	586	2.61579e-011	198
win	585	2.58963e-011	168
win	584	2.56373e-011	174
win	583	2.53809e-011	180
lost	582	2.51271e-011	40
win	581	2.48759e-011	162
win	580	2.46271e-011	162
win	579	2.43808e-011	174
win	578	2.4137e-011	210
win	577	2.38957e-011	168
lost	576	2.36567e-011	80
win	575	2.34201e-011	198
win	574	2.31859e-011	162
win	573	2.29541e-011	186
win	572	2.27245e-011	168
win	571	2.24973e-011	216
win	570	2.22723e-011	198
lost	569	2.20496e-011	80
win	568	2.18291e-011	210
win	567	2.16108e-011	216
lost	566	2.13947e-011	140
win	565	2.11808e-011	160
win	564	2.09689e-011	222
win	563	2.07593e-011	174
lost	562	2.05517e-011	80
win	561	2.03461e-011	204
win	560	2.01427e-011	168
lost	559	1.99413e-011	40
win	558	1.97418e-011	174
win	557	1.95444e-011	196
win	556	1.9349e-011	180
win	555	1.91555e-011	198
win	554	1.89639e-011	198
win	553	1.87743e-011	222
lost	552	1.85866e-011	100
win	551	1.84007e-011	186
lost	550	1.82167e-011	80
win	549	1.80345e-011	216
lost	548	1.78542e-011	40
lost	547	1.76756e-011	120
lost	546	1.74989e-011	120
lost	545	1.73239e-011	40
win	544	1.71506e-011	168
win	543	1.69791e-011	162
lost	542	1.68093e-011	120
win	541	1.66413e-011	180
win	540	1.64748e-011	162
win	539	1.63101e-011	204
win	538	1.6147e-011	160
win	537	1.59855e-011	204
lost	536	1.58257e-011	80
win	535	1.56674e-011	180
lost	534	1.55107e-011	120
win	533	1.53556e-011	204
lost	532	1.52021e-011	80
win	531	1.50501e-011	198
win	530	1.48996e-011	198
win	529	1.47506e-011	180
win	528	1.4603e-011	162
win	527	1.4457e-011	174
win	526	1.43124e-011	234
win	525	1.41693e-011	186
lost	524	1.40276e-011	80
lost	523	1.38874e-011	80
lost	522	1.37485e-011	60
win	521	1.3611e-011	204
win	520	1.34749e-011	180
win	519	1.33401e-011	198
win	518	1.32067e-011	210
win	517	1.30747e-011	174
lost	516	1.29439e-011	60
lost	515	1.28145e-011	80
lost	514	1.26863e-011	80
win	513	1.25595e-011	162
win	512	1.24339e-011	174
win	511	1.23095e-011	198
lost	510	1.21864e-011	80
win	509	1.20646e-011	198
win	508	1.19439e-011	204
win	507	1.18245e-011	168
win	506	1.17063e-011	210
lost	505	1.15892e-011	40
win	504	1.14733e-011	192
win	503	1.13586e-011	216
win	502	1.1245e-011	210
win	501	1.11325e-011	168
win	500	1.10212e-011	180
win	499	1.0911e-011	198
win	498	1.08019e-011	168
win	497	1.06939e-011	168
win	496	1.05869e-011	210
win	495	1.04811e-011	160
win	494	1.03762e-011	198
lost	493	1.02725e-011	120
win	492	1.01698e-011	210
win	491	1.00681e-011	192
win	490	9.96738e-012	210
lost	489	9.8677e-012	120
win	488	9.76903e-012	216
win	487	9.67134e-012	180
lost	486	9.57462e-012	80
win	485	9.47888e-012	174
lost	484	9.38409e-012	140
lost	483	9.29025e-012	40
win	482	9.19735e-012	174
win	481	9.10537e-012	204
win	480	9.01432e-012	204
win	479	8.92418e-012	168
win	478	8.83493e-012	198
win	477	8.74658e-012	162
win	476	8.65912e-012	180
win	475	8.57253e-012	180
win	474	8.4868e-012	180
win	473	8.40193e-012	174
lost	472	8.31791e-012	140
lost	471	8.23474e-012	100
win	470	8.15239e-012	174
lost	469	8.07086e-012	60
lost	468	7.99016e-012	60
win	467	7.91025e-012	198
win	466	7.83115e-012	180
lost	465	7.75284e-012	122
win	464	7.67531e-012	192
win	463	7.59856e-012	190
win	462	7.52257e-012	198
win	461	7.44735e-012	180
lost	460	7.37287e-012	102
win	459	7.29914e-012	192
win	458	7.22615e-012	198
win	457	7.15389e-012	192
win	456	7.08235e-012	186
win	455	7.01153e-012	210
lost	454	6.94141e-012	40
win	453	6.872e-012	180
win	452	6.80328e-012	180
lost	451	6.73525e-012	60
win	450	6.66789e-012	204
lost	449	6.60122e-012	80
lost	448	6.5352e-012	40
win	447	6.46985e-012	174
win	446	6.40515e-012	204
lost	445	6.3411e-012	80
lost	444	6.27769e-012	120
win	443	6.21491e-012	198
win	442	6.15276e-012	192
win	441	6.09124e-012	180
win	440	6.03032e-012	180
win	439	5.97002e-012	180
win	438	5.91032e-012	0
lost	437	5.85122e-012	60
win	436	5.79271e-012	222
win	435	5.73478e-012	162
lost	434	5.67743e-012	60
win	433	5.62066e-012	160
win	432	5.56445e-012	186
win	431	5.50881e-012	210
win	430	5.45372e-012	186
win	429	5.39918e-012	180
win	428	5.34519e-012	198
win	427	5.29174e-012	204
win	426	5.23882e-012	198
win	425	5.18643e-012	162
win	424	5.13457e-012	186
win	423	5.08322e-012	172
win	422	5.03239e-012	198
win	421	4.98206e-012	186
win	420	4.93224e-012	198
win	419	4.88292e-012	216
win	418	4.83409e-012	210
win	417	4.78575e-012	160
win	416	4.73789e-012	168
lost	415	4.69052e-012	40
win	414	4.64361e-012	186
win	413	4.59717e-012	210
win	412	4.5512e-012	204
win	411	4.50569e-012	186
win	410	4.46063e-012	162
win	409	4.41603e-012	160
win	408	4.37187e-012	192
lost	407	4.32815e-012	80
lost	406	4.28487e-012	80
win	405	4.24202e-012	210
win	404	4.1996e-012	204
win	403	4.1576e-012	162
win	402	4.11603e-012	168
win	401	4.07487e-012	198
win	400	4.03412e-012	162
win	399	3.99378e-012	186
win	398	3.95384e-012	160
lost	397	3.9143e-012	60
win	396	3.87516e-012	168
win	395	3.8364e-012	162
win	394	3.79804e-012	198
win	393	3.76006e-012	198
lost	392	3.72246e-012	120
win	391	3.68524e-012	204
lost	390	3.64838e-012	80
win	389	3.6119e-012	174
win	388	3.57578e-012	174
win	387	3.54002e-012	204
lost	386	3.50462e-012	120
lost	385	3.46958e-012	80
lost	384	3.43488e-012	80
win	383	3.40053e-012	162
lost	382	3.36653e-012	82
win	381	3.33286e-012	168
win	380	3.29953e-012	198
win	379	3.26654e-012	190
win	378	3.23387e-012	160
lost	377	3.20153e-012	60
win	376	3.16952e-012	204
lost	375	3.13782e-012	100
win	374	3.10644e-012	204
win	373	3.07538e-012	198
win	372	3.04463e-012	186
win	371	3.01418e-012	162
win	370	2.98404e-012	198
win	369	2.9542e-012	216
lost	368	2.92466e-012	100
win	367	2.89541e-012	162
win	366	2.86645e-012	186
win	365	2.83779e-012	198
lost	364	2.80941e-012	122
lost	363	2.78132e-012	60
win	362	2.7535e-012	198
win	361	2.72597e-012	198
win	360	2.69871e-012	204
win	359	2.67172e-012	198
win	358	2.64501e-012	186
win	357	2.61856e-012	168
win	356	2.59237e-012	166
lost	355	2.56645e-012	80
lost	354	2.54078e-012	60
win	353	2.51537e-012	168
win	352	2.49022e-012	204
win	351	2.46532e-012	168
win	350	2.44067e-012	180
win	349	2.41626e-012	210
win	348	2.3921e-012	180
win	347	2.36817e-012	160
win	346	2.34449e-012	210
win	345	2.32105e-012	186
win	344	2.29784e-012	210
win	343	2.27486e-012	204
win	342	2.25211e-012	186
lost	341	2.22959e-012	120
win	340	2.20729e-012	160
win	339	2.18522e-012	204
win	338	2.16337e-012	198
win	337	2.14173e-012	168
win	336	2.12032e-012	192
win	335	2.09911e-012	222
win	334	2.07812e-012	204
win	333	2.05734e-012	180
lost	332	2.03677e-012	80
win	331	2.0164e-012	192
win	330	1.99624e-012	204
win	329	1.97627e-012	174
win	328	1.95651e-012	192
lost	327	1.93695e-012	80
win	326	1.91758e-012	204
win	325	1.8984e-012	222
win	324	1.87942e-012	198
win	323	1.86062e-012	168
lost	322	1.84202e-012	140
lost	321	1.8236e-012	80
lost	320	1.80536e-012	42
win	319	1.78731e-012	160
lost	318	1.76943e-012	60
lost	317	1.75174e-012	142
win	316	1.73422e-012	186
lost	315	1.71688e-012	120
lost	314	1.69971e-012	140
win	313	1.68271e-012	180
win	312	1.66589e-012	0
win	311	1.64923e-012	198
win	310	1.63274e-012	210
win	309	1.61641e-012	192
win	308	1.60024e-012	198
win	307	1.58424e-012	160
lost	306	1.5684e-012	80
win	305	1.55272e-012	180
win	304	1.53719e-012	168
win	303	1.52182e-012	0
win	302	1.5066e-012	174
win	301	1.49153e-012	162
win	300	1.47662e-012	174
win	299	1.46185e-012	160
win	298	1.44723e-012	198
win	297	1.43276e-012	168
win	296	1.41843e-012	186
win	295	1.40425e-012	162
lost	294	1.39021e-012	80
win	293	1.3763e-012	198
win	292	1.36254e-012	192
win	291	1.34892e-012	204
lost	290	1.33543e-012	80
win	289	1.32207e-012	186
win	288	1.30885e-012	204
win	287	1.29576e-012	204
lost	286	1.28281e-012	40
win	285	1.26998e-012	186
win	284	1.25728e-012	0
win	283	1.2447e-012	168
lost	282	1.23226e-012	20
win	281	1.21993e-012	162
win	280	1.20774e-012	168
lost	279	1.19566e-012	120
win	278	1.1837e-012	186
win	277	1.17186e-012	192
win	276	1.16015e-012	168
win	275	1.14854e-012	174
win	274	1.13706e-012	198
win	273	1.12569e-012	216
win	272	1.11443e-012	204
win	271	1.10329e-012	186
lost	270	1.09225e-012	40
win	269	1.08133e-012	162
win	268	1.07052e-012	160
win	267	1.05981e-012	204
win	266	1.04922e-012	174
win	265	1.03872e-012	162
lost	264	1.02834e-012	140
lost	263	1.01805e-012	60
win	262	1.00787e-012	198
win	261	9.97793e-013	204
lost	260	9.87815e-013	80
win	259	9.77937e-013	180
win	258	9.68158e-013	168
win	257	9.58476e-013	180
lost	256	9.48891e-013	80
win	255	9.39402e-013	192
win	254	9.30008e-013	216
win	253	9.20708e-013	210
lost	252	9.11501e-013	100
win	251	9.02386e-013	174
win	250	8.93362e-013	198
win	249	8.84429e-013	204
lost	248	8.75584e-013	40
win	247	8.66829e-013	186
win	246	8.5816e-013	168
lost	245	8.49579e-013	80
lost	244	8.41083e-013	120
win	243	8.32672e-013	162
lost	242	8.24345e-013	80
win	241	8.16102e-013	198
win	240	8.07941e-013	204
win	239	7.99862e-013	204
win	238	7.91863e-013	204
win	237	7.83944e-013	216
win	236	7.76105e-013	186
win	235	7.68344e-013	198
win	234	7.6066e-013	148
win	233	7.53054e-013	204
win	232	7.45523e-013	210
win	231	7.38068e-013	198
win	230	7.30687e-013	0
win	229	7.2338e-013	204
win	228	7.16147e-013	178
win	227	7.08985e-013	186
lost	226	7.01895e-013	120
win	225	6.94876e-013	160
win	224	6.87928e-013	174
lost	223	6.81048e-013	100
win	222	6.74238e-013	162
lost	221	6.67495e-013	60
win	220	6.6082e-013	204
lost	219	6.54212e-013	100
win	218	6.4767e-013	162
lost	217	6.41193e-013	120
win	216	6.34782e-013	198
win	215	6.28434e-013	186
lost	214	6.22149e-013	80
win	213	6.15928e-013	210
lost	212	6.09769e-013	100
win	211	6.03671e-013	174
lost	210	5.97634e-013	80
win	209	5.91658e-013	162
lost	208	5.85741e-013	60
win	207	5.79884e-013	210
win	206	5.74085e-013	186
win	205	5.68344e-013	180
lost	204	5.62661e-013	120
lost	203	5.57034e-013	60
lost	202	5.51464e-013	60
win	201	5.45949e-013	162
lost	200	5.4049e-013	80
win	199	5.35085e-013	0
win	198	5.29734e-013	162
win	197	5.24437e-013	192
win	196	5.19192e-013	174
win	195	5.14e-013	198
win	194	5.0886e-013	160
win	193	5.03772e-013	168
win	192	4.98734e-013	210
lost	191	4.93747e-013	120
lost	190	4.88809e-013	100
lost	189	4.83921e-013	60
win	188	4.79082e-013	180
lost	187	4.74291e-013	80
win	186	4.69548e-013	186
win	185	4.64853e-013	204
lost	184	4.60204e-013	120
win	183	4.55602e-013	180
lost	182	4.51046e-013	40
win	181	4.46536e-013	198
win	180	4.4207e-013	160
win	179	4.3765e-013	162
win	178	4.33273e-013	180
win	177	4.2894e-013	162
win	176	4.24651e-013	166
win	175	4.20404e-013	204
win	174	4.162e-013	192
win	173	4.12038e-013	168
win	172	4.07918e-013	204
lost	171	4.03839e-013	60
win	170	3.998e-013	216
lost	169	3.95802e-013	80
win	168	3.91844e-013	186
win	167	3.87926e-013	198
lost	166	3.84047e-013	120
win	165	3.80206e-013	198
lost	164	3.76404e-013	120
win	163	3.7264e-013	198
win	162	3.68914e-013	204
win	161	3.65225e-013	162
lost	160	3.61572e-013	20
win	159	3.57957e-013	174
lost	158	3.54377e-013	40
win	157	3.50833e-013	216
win	156	3.47325e-013	198
lost	155	3.43852e-013	20
win	154	3.40413e-013	180
win	153	3.37009e-013	162
win	152	3.33639e-013	180
win	151	3.30303e-013	168
win	150	3.27e-013	180
win	149	3.2373e-013	168
win	148	3.20492e-013	186
lost	147	3.17287e-013	80
win	146	3.14114e-013	204
lost	145	3.10973e-013	100
win	144	3.07864e-013	162
win	143	3.04785e-013	186
win	142	3.01737e-013	186
lost	141	2.9872e-013	120
win	140	2.95733e-013	198
lost	139	2.92775e-013	80
win	138	2.89847e-013	204
win	137	2.86949e-013	162
lost	136	2.84079e-013	80
lost	135	2.81239e-013	40
win	134	2.78426e-013	162
win	133	2.75642e-013	198
lost	132	2.72886e-013	120
win	131	2.70157e-013	204
win	130	2.67455e-013	198
win	129	2.64781e-013	168
win	128	2.62133e-013	160
lost	127	2.59511e-013	80
win	126	2.56916e-013	222
win	125	2.54347e-013	180
win	124	2.51804e-013	174
lost	123	2.49286e-013	40
win	122	2.46793e-013	210
win	121	2.44325e-013	186
win	120	2.41882e-013	160
win	119	2.39463e-013	162
win	118	2.37068e-013	180
win	117	2.34698e-013	174
win	116	2.32351e-013	192
lost	115	2.30027e-013	60
lost	114	2.27727e-013	40
win	113	2.2545e-013	210
lost	112	2.23195e-013	102
lost	111	2.20963e-013	100
win	110	2.18753e-013	186
win	109	2.16566e-013	162
win	108	2.144e-013	180
win	107	2.12256e-013	216
win	106	2.10134e-013	174
win	105	2.08032e-013	180
win	104	2.05952e-013	198
win	103	2.01854e-013	0
lost	102	1.99835e-013	80
win	101	1.97837e-013	168
win	100	1.95858e-013	204
lost	99	1.939e-013	80
win	98	1.91961e-013	186
win	97	1.90041e-013	198
win	96	1.88141e-013	162
win	95	1.86259e-013	192
win	94	1.84397e-013	210
win	93	1.82553e-013	210
win	92	1.80727e-013	162
lost	91	1.7892e-013	140
win	90	1.77131e-013	204
win	89	1.75359e-013	160
win	88	1.73606e-013	204
win	87	1.7187e-013	204
win	86	1.70151e-013	168
win	85	1.6845e-013	192
win	84	1.66765e-013	204
win	83	1.65097e-013	198
lost	82	1.63446e-013	120
win	81	1.61812e-013	216
win	80	1.60194e-013	168
win	79	1.58592e-013	198
win	78	1.57006e-013	168
win	77	1.55436e-013	162
win	76	1.53882e-013	180
win	75	1.52343e-013	216
lost	74	1.50819e-013	80
win	73	1.49311e-013	210
win	72	1.47818e-013	154
win	71	1.4634e-013	192
win	70	1.44876e-013	198
lost	69	1.43428e-013	140
win	68	1.41993e-013	168
win	67	1.40574e-013	204
win	66	1.39168e-013	196
win	65	1.37776e-013	210
win	64	1.36398e-013	198
lost	63	1.35034e-013	80
lost	62	1.33684e-013	80
lost	61	1.32347e-013	100
win	60	1.31024e-013	174
lost	59	1.29713e-013	80
win	58	1.28416e-013	180
win	57	1.27132e-013	210
win	56	1.25861e-013	180
win	55	1.24602e-013	192
win	54	1.23356e-013	162
win	53	1.22123e-013	174
win	52	1.20901e-013	192
win	51	1.19692e-013	186
win	50	1.18495e-013	204
win	49	1.17311e-013	216
lost	48	1.16137e-013	60
win	47	1.14976e-013	210
lost	46	1.13826e-013	120
win	45	1.12688e-013	204
win	44	1.11561e-013	162
win	43	1.10446e-013	180
lost	42	1.09341e-013	80
win	41	1.08248e-013	204
lost	40	1.07165e-013	80
win	39	1.06094e-013	186
win	38	1.05033e-013	162
win	37	1.03982e-013	210
lost	36	1.02942e-013	60
win	35	1.01913e-013	204
win	34	1.00894e-013	184
win	33	9.9885e-014	198
lost	32	9.88861e-014	20
lost	31	9.78972e-014	80
win	30	9.69183e-014	168
win	29	9.59491e-014	210
win	28	9.49896e-014	186
win	27	9.40397e-014	160
lost	26	9.30993e-014	80
win	25	9.21683e-014	198
win	24	9.12466e-014	204
win	23	9.03342e-014	168
win	22	8.94308e-014	186
win	21	8.85365e-014	160
win	20	8.76511e-014	160
win	19	8.67746e-014	180
win	18	8.59069e-014	168
win	17	8.50478e-014	204
win	16	8.41973e-014	168
win	15	8.33554e-014	198
win	14	8.25218e-014	180
win	13	8.16966e-014	174
win	12	8.08796e-014	216
win	11	8.00708e-014	192
win	10	7.92701e-014	192
lost	9	7.84774e-014	80
win	8	7.76927e-014	180
win	7	7.69157e-014	198
lost	6	7.61466e-014	80
lost	5	7.53851e-014	40
win	4	7.46313e-014	186
win	3	7.38849e-014	228
win	2	7.31461e-014	204
win	1	7.24146e-014	168
