lost	3000	0.9	40
lost	2999	0.8997	-40
lost	2998	0.8994	-40
lost	2997	0.8991	-20
lost	2996	0.898801	80
lost	2995	0.898501	-40
lost	2994	0.898201	140
lost	2993	0.897902	100
lost	2992	0.897603	20
lost	2991	0.897304	-40
lost	2990	0.897004	20
lost	2989	0.896705	0
lost	2988	0.896407	140
lost	2987	0.896108	20
lost	2986	0.895809	20
lost	2985	0.89551	-20
lost	2984	0.895212	-40
lost	2983	0.894914	-40
lost	2982	0.894615	20
lost	2981	0.894317	60
lost	2980	0.894019	-40
lost	2979	0.893721	-20
lost	2978	0.893423	-20
lost	2977	0.893125	-18
lost	2976	0.892828	60
lost	2975	0.89253	80
lost	2974	0.892232	80
lost	2973	0.891935	62
lost	2972	0.891638	40
lost	2971	0.89134	-40
lost	2970	0.891043	-20
lost	2969	0.890746	0
win	2968	0.890449	160
lost	2967	0.890153	0
lost	2966	0.889856	20
lost	2965	0.889559	-40
lost	2964	0.889263	60
lost	2963	0.888966	-40
lost	2962	0.88867	100
lost	2961	0.888374	-20
lost	2960	0.888078	-40
lost	2959	0.887782	0
lost	2958	0.887486	0
lost	2957	0.88719	-18
lost	2956	0.886894	-20
lost	2955	0.886599	-40
lost	2954	0.886303	20
lost	2953	0.886008	-40
lost	2952	0.885712	20
win	2951	0.885417	186
lost	2950	0.885122	80
lost	2949	0.884827	-20
lost	2948	0.884532	0
lost	2947	0.884237	-20
lost	2946	0.883942	40
lost	2945	0.883648	0
lost	2944	0.883353	60
lost	2943	0.883059	-40
lost	2942	0.882764	60
lost	2941	0.88247	-40
lost	2940	0.882176	60
lost	2939	0.881882	60
lost	2938	0.881588	20
lost	2937	0.881294	40
lost	2936	0.881	-40
lost	2935	0.880707	20
lost	2934	0.880413	-40
lost	2933	0.88012	20
lost	2932	0.879826	0
lost	2931	0.879533	-40
lost	2930	0.87924	0
lost	2929	0.878947	-20
lost	2928	0.878654	80
lost	2927	0.878361	-18
lost	2926	0.878068	0
lost	2925	0.877775	20
lost	2924	0.877483	-20
lost	2923	0.87719	60
lost	2922	0.876898	40
lost	2921	0.876605	20
lost	2920	0.876313	120
lost	2919	0.876021	60
lost	2918	0.875729	20
lost	2917	0.875437	0
lost	2916	0.875145	-40
lost	2915	0.874854	-40
lost	2914	0.874562	-20
lost	2913	0.874271	20
lost	2912	0.873979	-40
lost	2911	0.873688	80
lost	2910	0.873397	100
lost	2909	0.873105	20
lost	2908	0.872814	40
lost	2907	0.872524	20
lost	2906	0.872233	-40
lost	2905	0.871942	40
lost	2904	0.871651	-38
lost	2903	0.871361	0
lost	2902	0.87107	20
lost	2901	0.87078	0
lost	2900	0.87049	-40
lost	2899	0.870199	-40
lost	2898	0.869909	0
win	2897	0.869619	204
lost	2896	0.86933	0
lost	2895	0.86904	60
lost	2894	0.86875	20
lost	2893	0.868461	-40
lost	2892	0.868171	80
lost	2891	0.867882	0
lost	2890	0.867592	20
lost	2889	0.867303	-40
lost	2888	0.867014	-20
lost	2887	0.866725	8
lost	2886	0.866436	-20
lost	2885	0.866147	60
lost	2884	0.865859	-20
lost	2883	0.86557	40
lost	2882	0.865281	80
lost	2881	0.864993	20
lost	2880	0.864705	20
lost	2879	0.864416	-38
lost	2878	0.864128	100
lost	2877	0.86384	40
lost	2876	0.863552	60
lost	2875	0.863265	-20
lost	2874	0.862977	-20
lost	2873	0.862689	-40
lost	2872	0.862402	-40
lost	2871	0.862114	-40
lost	2870	0.861827	-40
lost	2869	0.861539	40
lost	2868	0.861252	40
lost	2867	0.860965	20
lost	2866	0.860678	-40
lost	2865	0.860391	0
win	2864	0.860104	168
lost	2863	0.859818	0
lost	2862	0.859531	0
lost	2861	0.859245	0
lost	2860	0.858958	20
lost	2859	0.858672	40
lost	2858	0.858386	80
lost	2857	0.8581	40
lost	2856	0.857814	40
win	2855	0.857528	174
lost	2854	0.857242	-20
lost	2853	0.856956	0
lost	2852	0.85667	80
lost	2851	0.856385	20
lost	2850	0.856099	20
lost	2849	0.855814	-40
lost	2848	0.855529	80
lost	2847	0.855244	20
lost	2846	0.854958	60
lost	2845	0.854673	0
win	2844	0.854389	162
lost	2843	0.854104	40
lost	2842	0.853819	-20
lost	2841	0.853534	-60
lost	2840	0.85325	-40
lost	2839	0.852966	0
lost	2838	0.852681	-20
lost	2837	0.852397	-20
lost	2836	0.852113	22
lost	2835	0.851829	-40
lost	2834	0.851545	80
lost	2833	0.851261	-40
lost	2832	0.850977	20
lost	2831	0.850694	-40
lost	2830	0.85041	2
lost	2829	0.850127	0
lost	2828	0.849843	20
lost	2827	0.84956	-20
lost	2826	0.849277	0
lost	2825	0.848994	100
lost	2824	0.848711	40
lost	2823	0.848428	0
lost	2822	0.848145	20
lost	2821	0.847862	0
lost	2820	0.84758	60
lost	2819	0.847297	-20
lost	2818	0.847015	0
lost	2817	0.846732	0
lost	2816	0.84645	80
lost	2815	0.846168	-40
lost	2814	0.845886	-40
lost	2813	0.845604	-40
lost	2812	0.845322	-20
lost	2811	0.84504	-20
lost	2810	0.844759	0
lost	2809	0.844477	0
lost	2808	0.844195	-40
lost	2807	0.843914	-20
lost	2806	0.843633	-40
lost	2805	0.843352	102
lost	2804	0.84307	-40
lost	2803	0.842789	0
lost	2802	0.842509	0
win	2801	0.842228	160
lost	2800	0.841947	-20
lost	2799	0.841666	-40
lost	2798	0.841386	20
win	2797	0.841105	162
lost	2796	0.840825	60
lost	2795	0.840545	0
lost	2794	0.840264	-20
lost	2793	0.839984	80
lost	2792	0.839704	20
lost	2791	0.839424	80
lost	2790	0.839145	80
lost	2789	0.838865	40
lost	2788	0.838585	80
lost	2787	0.838306	100
lost	2786	0.838026	-40
lost	2785	0.837747	-20
win	2784	0.837468	186
lost	2783	0.837189	80
lost	2782	0.83691	-40
lost	2781	0.836631	-40
lost	2780	0.836352	0
lost	2779	0.836073	20
lost	2778	0.835794	40
lost	2777	0.835516	60
lost	2776	0.835237	100
lost	2775	0.834959	-40
lost	2774	0.83468	40
lost	2773	0.834402	100
lost	2772	0.834124	-20
lost	2771	0.833846	60
lost	2770	0.833568	-40
lost	2769	0.83329	-20
lost	2768	0.833012	0
lost	2767	0.832735	0
lost	2766	0.832457	140
lost	2765	0.83218	-40
lost	2764	0.831902	0
lost	2763	0.831625	100
lost	2762	0.831348	80
lost	2761	0.831071	40
lost	2760	0.830794	-40
lost	2759	0.830517	0
lost	2758	0.83024	80
lost	2757	0.829963	80
lost	2756	0.829686	20
lost	2755	0.82941	0
lost	2754	0.829133	-40
lost	2753	0.828857	22
lost	2752	0.828581	-40
lost	2751	0.828305	-20
lost	2750	0.828028	20
lost	2749	0.827752	-20
lost	2748	0.827477	0
lost	2747	0.827201	-40
lost	2746	0.826925	100
lost	2745	0.826649	-38
lost	2744	0.826374	60
lost	2743	0.826098	-20
lost	2742	0.825823	-20
lost	2741	0.825548	40
lost	2740	0.825273	0
lost	2739	0.824997	0
lost	2738	0.824722	0
lost	2737	0.824448	-38
lost	2736	0.824173	0
lost	2735	0.823898	120
lost	2734	0.823623	100
lost	2733	0.823349	-40
lost	2732	0.823074	0
lost	2731	0.8228	0
win	2730	0.822526	186
lost	2729	0.822252	42
lost	2728	0.821977	100
win	2727	0.821703	162
lost	2726	0.82143	120
lost	2725	0.821156	-40
lost	2724	0.820882	20
lost	2723	0.820608	-20
lost	2722	0.820335	-40
lost	2721	0.820061	0
lost	2720	0.819788	80
lost	2719	0.819515	20
win	2718	0.819242	162
lost	2717	0.818969	-40
lost	2716	0.818696	0
lost	2715	0.818423	40
lost	2714	0.81815	0
lost	2713	0.817877	40
lost	2712	0.817605	40
lost	2711	0.817332	2
lost	2710	0.81706	20
lost	2709	0.816787	100
lost	2708	0.816515	20
lost	2707	0.816243	20
lost	2706	0.815971	0
lost	2705	0.815699	-40
lost	2704	0.815427	20
lost	2703	0.815155	0
lost	2702	0.814883	0
lost	2701	0.814612	0
lost	2700	0.81434	-20
lost	2699	0.814069	20
lost	2698	0.813797	80
lost	2697	0.813526	-40
lost	2696	0.813255	-60
lost	2695	0.812984	0
lost	2694	0.812713	80
lost	2693	0.812442	60
lost	2692	0.812171	120
lost	2691	0.8119	0
lost	2690	0.81163	60
win	2689	0.811359	174
lost	2688	0.811089	-40
lost	2687	0.810818	40
lost	2686	0.810548	-38
win	2685	0.810278	168
lost	2684	0.810008	-40
lost	2683	0.809738	0
lost	2682	0.809468	0
lost	2681	0.809198	-40
lost	2680	0.808928	0
lost	2679	0.808659	0
lost	2678	0.808389	-58
lost	2677	0.80812	60
lost	2676	0.80785	0
lost	2675	0.807581	0
lost	2674	0.807312	42
lost	2673	0.807043	20
lost	2672	0.806774	40
lost	2671	0.806505	0
lost	2670	0.806236	40
lost	2669	0.805967	100
lost	2668	0.805699	20
lost	2667	0.80543	80
lost	2666	0.805161	40
lost	2665	0.804893	0
lost	2664	0.804625	60
lost	2663	0.804357	40
lost	2662	0.804088	-40
lost	2661	0.80382	60
lost	2660	0.803553	40
lost	2659	0.803285	120
lost	2658	0.803017	20
lost	2657	0.802749	40
lost	2656	0.802482	100
lost	2655	0.802214	0
lost	2654	0.801947	-20
win	2653	0.801679	198
lost	2652	0.801412	120
lost	2651	0.801145	20
lost	2650	0.800878	40
lost	2649	0.800611	-32
lost	2648	0.800344	-40
lost	2647	0.800077	-20
lost	2646	0.799811	40
lost	2645	0.799544	-40
lost	2644	0.799278	0
lost	2643	0.799011	0
lost	2642	0.798745	-40
lost	2641	0.798479	0
lost	2640	0.798212	-20
win	2639	0.797946	168
lost	2638	0.79768	80
lost	2637	0.797414	0
lost	2636	0.797149	0
lost	2635	0.796883	20
lost	2634	0.796617	-40
lost	2633	0.796352	-40
lost	2632	0.796086	-40
lost	2631	0.795821	0
lost	2630	0.795556	100
lost	2629	0.795291	-40
lost	2628	0.795025	60
lost	2627	0.79476	-40
lost	2626	0.794495	-20
lost	2625	0.794231	-40
lost	2624	0.793966	80
win	2623	0.793701	174
lost	2622	0.793437	0
lost	2621	0.793172	20
lost	2620	0.792908	80
lost	2619	0.792644	40
lost	2618	0.792379	80
lost	2617	0.792115	100
lost	2616	0.791851	0
lost	2615	0.791587	-20
lost	2614	0.791323	-40
lost	2613	0.79106	-40
lost	2612	0.790796	20
lost	2611	0.790532	140
lost	2610	0.790269	140
lost	2609	0.790005	0
lost	2608	0.789742	20
lost	2607	0.789479	0
lost	2606	0.789216	20
lost	2605	0.788953	20
lost	2604	0.78869	40
lost	2603	0.788427	0
win	2602	0.788164	168
lost	2601	0.787901	40
win	2600	0.787638	198
lost	2599	0.787376	80
lost	2598	0.787113	120
lost	2597	0.786851	20
lost	2596	0.786589	-40
lost	2595	0.786327	0
lost	2594	0.786065	-40
lost	2593	0.785802	40
lost	2592	0.785541	20
lost	2591	0.785279	80
lost	2590	0.785017	-40
win	2589	0.784755	174
lost	2588	0.784494	-40
lost	2587	0.784232	80
lost	2586	0.783971	-40
lost	2585	0.783709	40
lost	2584	0.783448	100
lost	2583	0.783187	-40
lost	2582	0.782926	0
lost	2581	0.782665	0
lost	2580	0.782404	80
lost	2579	0.782143	40
lost	2578	0.781883	0
lost	2577	0.781622	40
lost	2576	0.781361	0
lost	2575	0.781101	40
lost	2574	0.780841	40
win	2573	0.78058	228
lost	2572	0.78032	0
lost	2571	0.78006	0
win	2570	0.7798	210
win	2569	0.77954	168
lost	2568	0.77928	60
lost	2567	0.779021	0
lost	2566	0.778761	-40
lost	2565	0.778501	-40
win	2564	0.778242	142
lost	2563	0.777982	20
lost	2562	0.777723	80
lost	2561	0.777464	0
win	2560	0.777205	0
lost	2559	0.776946	-40
lost	2558	0.776687	60
lost	2557	0.776428	80
lost	2556	0.776169	0
lost	2555	0.77591	0
lost	2554	0.775651	60
lost	2553	0.775393	60
lost	2552	0.775134	-20
lost	2551	0.774876	80
lost	2550	0.774618	140
lost	2549	0.77436	120
lost	2548	0.774101	120
lost	2547	0.773843	0
lost	2546	0.773586	20
lost	2545	0.773328	80
lost	2544	0.77307	20
lost	2543	0.772812	0
lost	2542	0.772555	60
lost	2541	0.772297	-20
lost	2540	0.77204	-38
lost	2539	0.771782	-20
lost	2538	0.771525	80
lost	2537	0.771268	100
lost	2536	0.771011	120
lost	2535	0.770754	0
lost	2534	0.770497	60
lost	2533	0.77024	-20
lost	2532	0.769983	40
lost	2531	0.769727	0
lost	2530	0.76947	0
win	2529	0.769214	192
lost	2528	0.768957	40
lost	2527	0.768701	40
lost	2526	0.768445	20
lost	2525	0.768188	-40
lost	2524	0.767932	42
lost	2523	0.767676	40
lost	2522	0.76742	100
lost	2521	0.767165	0
lost	2520	0.766909	80
lost	2519	0.766653	-38
lost	2518	0.766398	40
lost	2517	0.766142	40
lost	2516	0.765887	20
lost	2515	0.765632	20
lost	2514	0.765376	60
win	2513	0.765121	162
lost	2512	0.764866	40
lost	2511	0.764611	20
lost	2510	0.764356	-40
lost	2509	0.764102	20
lost	2508	0.763847	42
lost	2507	0.763592	120
lost	2506	0.763338	-38
lost	2505	0.763083	-18
lost	2504	0.762829	42
lost	2503	0.762575	40
lost	2502	0.762321	120
lost	2501	0.762066	20
lost	2500	0.761812	40
lost	2499	0.761558	120
lost	2498	0.761305	-40
lost	2497	0.761051	100
lost	2496	0.760797	-20
win	2495	0.760544	168
lost	2494	0.76029	-40
win	2493	0.760037	168
lost	2492	0.759783	40
lost	2491	0.75953	100
lost	2490	0.759277	-38
lost	2489	0.759024	-40
lost	2488	0.758771	80
lost	2487	0.758518	-40
lost	2486	0.758265	100
lost	2485	0.758012	40
lost	2484	0.75776	120
lost	2483	0.757507	-40
lost	2482	0.757254	-40
lost	2481	0.757002	-40
lost	2480	0.75675	20
lost	2479	0.756497	20
win	2478	0.756245	160
lost	2477	0.755993	0
lost	2476	0.755741	0
lost	2475	0.755489	0
lost	2474	0.755237	0
lost	2473	0.754986	0
lost	2472	0.754734	-40
lost	2471	0.754482	40
lost	2470	0.754231	20
lost	2469	0.75398	-20
win	2468	0.753728	180
lost	2467	0.753477	-20
lost	2466	0.753226	-20
lost	2465	0.752975	-40
lost	2464	0.752724	-20
lost	2463	0.752473	40
lost	2462	0.752222	-40
lost	2461	0.751971	100
lost	2460	0.751721	0
lost	2459	0.75147	60
lost	2458	0.75122	0
lost	2457	0.750969	0
lost	2456	0.750719	-20
lost	2455	0.750469	40
lost	2454	0.750218	0
lost	2453	0.749968	-40
lost	2452	0.749718	0
lost	2451	0.749468	20
lost	2450	0.749219	-40
lost	2449	0.748969	-20
lost	2448	0.748719	-20
lost	2447	0.74847	-40
lost	2446	0.74822	-40
lost	2445	0.747971	-40
lost	2444	0.747721	-40
lost	2443	0.747472	120
lost	2442	0.747223	0
lost	2441	0.746974	40
win	2440	0.746725	198
win	2439	0.746476	168
lost	2438	0.746227	-40
lost	2437	0.745979	-40
lost	2436	0.74573	-20
lost	2435	0.745481	20
lost	2434	0.745233	0
lost	2433	0.744984	0
lost	2432	0.744736	40
lost	2431	0.744488	-40
lost	2430	0.74424	100
lost	2429	0.743992	-40
lost	2428	0.743744	-40
lost	2427	0.743496	0
lost	2426	0.743248	20
lost	2425	0.743	0
lost	2424	0.742752	-20
lost	2423	0.742505	-40
lost	2422	0.742257	-20
lost	2421	0.74201	-20
lost	2420	0.741763	20
lost	2419	0.741515	0
lost	2418	0.741268	20
lost	2417	0.741021	-38
win	2416	0.740774	192
lost	2415	0.740527	60
win	2414	0.74028	192
lost	2413	0.740034	60
lost	2412	0.739787	40
lost	2411	0.73954	0
lost	2410	0.739294	40
lost	2409	0.739047	-40
lost	2408	0.738801	80
lost	2407	0.738555	-18
lost	2406	0.738308	120
win	2405	0.738062	180
lost	2404	0.737816	60
lost	2403	0.73757	60
win	2402	0.737325	186
lost	2401	0.737079	-40
lost	2400	0.736833	60
lost	2399	0.736587	-20
lost	2398	0.736342	-20
lost	2397	0.736097	100
lost	2396	0.735851	40
lost	2395	0.735606	-20
lost	2394	0.735361	0
lost	2393	0.735116	40
win	2392	0.734871	160
lost	2391	0.734626	40
lost	2390	0.734381	0
lost	2389	0.734136	-40
lost	2388	0.733891	20
lost	2387	0.733647	-40
lost	2386	0.733402	-40
lost	2385	0.733158	-40
lost	2384	0.732913	20
lost	2383	0.732669	40
lost	2382	0.732425	-20
lost	2381	0.73218	-20
lost	2380	0.731936	0
lost	2379	0.731692	-20
lost	2378	0.731449	40
lost	2377	0.731205	40
lost	2376	0.730961	20
lost	2375	0.730717	0
lost	2374	0.730474	-40
lost	2373	0.73023	-40
lost	2372	0.729987	80
win	2371	0.729744	162
lost	2370	0.7295	-18
lost	2369	0.729257	120
lost	2368	0.729014	40
lost	2367	0.728771	20
lost	2366	0.728528	-18
lost	2365	0.728285	0
lost	2364	0.728042	-40
lost	2363	0.7278	40
lost	2362	0.727557	0
lost	2361	0.727315	0
lost	2360	0.727072	80
lost	2359	0.72683	0
win	2358	0.726588	168
lost	2357	0.726345	120
lost	2356	0.726103	60
lost	2355	0.725861	0
win	2354	0.725619	198
lost	2353	0.725377	100
lost	2352	0.725136	20
lost	2351	0.724894	0
lost	2350	0.724652	-40
lost	2349	0.724411	-40
lost	2348	0.724169	0
lost	2347	0.723928	0
lost	2346	0.723687	0
win	2345	0.723445	162
lost	2344	0.723204	0
lost	2343	0.722963	60
lost	2342	0.722722	0
win	2341	0.722481	192
lost	2340	0.72224	40
lost	2339	0.722	20
lost	2338	0.721759	0
lost	2337	0.721518	140
lost	2336	0.721278	0
lost	2335	0.721037	62
lost	2334	0.720797	20
lost	2333	0.720557	0
lost	2332	0.720317	-20
lost	2331	0.720077	-20
lost	2330	0.719837	100
lost	2329	0.719597	0
win	2328	0.719357	162
lost	2327	0.719117	-20
lost	2326	0.718877	0
lost	2325	0.718638	20
lost	2324	0.718398	80
lost	2323	0.718159	80
lost	2322	0.717919	120
lost	2321	0.71768	-40
lost	2320	0.717441	-40
lost	2319	0.717202	80
lost	2318	0.716962	-40
lost	2317	0.716724	-20
lost	2316	0.716485	120
lost	2315	0.716246	40
lost	2314	0.716007	60
lost	2313	0.715768	0
win	2312	0.71553	168
lost	2311	0.715291	-40
lost	2310	0.715053	120
lost	2309	0.714814	-40
lost	2308	0.714576	0
lost	2307	0.714338	-40
lost	2306	0.7141	100
lost	2305	0.713862	80
lost	2304	0.713624	20
lost	2303	0.713386	40
lost	2302	0.713148	40
lost	2301	0.712911	0
lost	2300	0.712673	40
lost	2299	0.712435	0
lost	2298	0.712198	0
lost	2297	0.71196	-20
lost	2296	0.711723	-20
lost	2295	0.711486	20
lost	2294	0.711249	-20
lost	2293	0.711012	-20
lost	2292	0.710775	0
lost	2291	0.710538	0
lost	2290	0.710301	40
lost	2289	0.710064	120
lost	2288	0.709827	60
win	2287	0.709591	174
lost	2286	0.709354	-40
win	2285	0.709118	204
lost	2284	0.708881	40
lost	2283	0.708645	20
win	2282	0.708409	162
lost	2281	0.708173	140
lost	2280	0.707937	80
lost	2279	0.707701	140
lost	2278	0.707465	20
lost	2277	0.707229	40
lost	2276	0.706993	-20
lost	2275	0.706758	-40
lost	2274	0.706522	0
lost	2273	0.706287	0
lost	2272	0.706051	-40
lost	2271	0.705816	2
lost	2270	0.70558	40
lost	2269	0.705345	0
lost	2268	0.70511	20
lost	2267	0.704875	120
win	2266	0.70464	162
lost	2265	0.704405	20
lost	2264	0.704171	40
lost	2263	0.703936	20
lost	2262	0.703701	0
lost	2261	0.703467	-40
lost	2260	0.703232	0
lost	2259	0.702998	0
lost	2258	0.702763	80
lost	2257	0.702529	-40
lost	2256	0.702295	100
lost	2255	0.702061	20
lost	2254	0.701827	20
lost	2253	0.701593	20
lost	2252	0.701359	60
lost	2251	0.701125	60
lost	2250	0.700891	2
lost	2249	0.700658	20
lost	2248	0.700424	40
lost	2247	0.700191	100
lost	2246	0.699957	-40
lost	2245	0.699724	60
lost	2244	0.699491	100
lost	2243	0.699258	100
lost	2242	0.699025	-40
lost	2241	0.698792	80
lost	2240	0.698559	80
lost	2239	0.698326	-40
lost	2238	0.698093	60
lost	2237	0.69786	0
lost	2236	0.697628	-40
lost	2235	0.697395	40
lost	2234	0.697163	40
lost	2233	0.69693	120
lost	2232	0.696698	-40
lost	2231	0.696466	120
lost	2230	0.696234	80
lost	2229	0.696002	-20
lost	2228	0.69577	100
lost	2227	0.695538	120
lost	2226	0.695306	20
lost	2225	0.695074	20
lost	2224	0.694842	-40
lost	2223	0.694611	60
lost	2222	0.694379	0
lost	2221	0.694148	20
win	2220	0.693916	162
lost	2219	0.693685	-20
lost	2218	0.693454	100
lost	2217	0.693223	0
lost	2216	0.692992	-20
lost	2215	0.692761	40
lost	2214	0.69253	20
lost	2213	0.692299	20
lost	2212	0.692068	-20
lost	2211	0.691837	-20
lost	2210	0.691607	-40
lost	2209	0.691376	20
lost	2208	0.691146	120
lost	2207	0.690915	-20
lost	2206	0.690685	60
lost	2205	0.690455	-20
lost	2204	0.690225	20
lost	2203	0.689995	40
lost	2202	0.689765	0
lost	2201	0.689535	-40
lost	2200	0.689305	40
lost	2199	0.689075	-40
win	2198	0.688845	140
win	2197	0.688616	162
lost	2196	0.688386	0
lost	2195	0.688157	0
lost	2194	0.687927	-40
lost	2193	0.687698	40
lost	2192	0.687469	0
lost	2191	0.68724	0
lost	2190	0.687011	40
lost	2189	0.686782	20
lost	2188	0.686553	-20
lost	2187	0.686324	20
lost	2186	0.686095	80
lost	2185	0.685866	-20
lost	2184	0.685638	152
lost	2183	0.685409	40
lost	2182	0.685181	60
lost	2181	0.684952	20
lost	2180	0.684724	-20
lost	2179	0.684496	0
lost	2178	0.684268	20
lost	2177	0.68404	100
lost	2176	0.683812	-40
lost	2175	0.683584	60
win	2174	0.683356	174
win	2173	0.683128	174
lost	2172	0.6829	-40
lost	2171	0.682673	80
lost	2170	0.682445	120
lost	2169	0.682218	20
lost	2168	0.68199	20
lost	2167	0.681763	40
lost	2166	0.681536	-40
lost	2165	0.681308	60
lost	2164	0.681081	0
lost	2163	0.680854	-40
lost	2162	0.680627	0
win	2161	0.6804	186
lost	2160	0.680174	20
lost	2159	0.679947	-20
lost	2158	0.67972	80
lost	2157	0.679494	60
lost	2156	0.679267	0
win	2155	0.679041	198
lost	2154	0.678814	140
lost	2153	0.678588	0
lost	2152	0.678362	-40
lost	2151	0.678136	-40
lost	2150	0.67791	-20
lost	2149	0.677684	-40
lost	2148	0.677458	80
lost	2147	0.677232	0
lost	2146	0.677006	40
lost	2145	0.676781	-40
win	2144	0.676555	162
lost	2143	0.67633	80
lost	2142	0.676104	-20
lost	2141	0.675879	40
win	2140	0.675653	160
lost	2139	0.675428	-40
lost	2138	0.675203	-40
lost	2137	0.674978	80
lost	2136	0.674753	40
lost	2135	0.674528	120
lost	2134	0.674303	60
lost	2133	0.674079	80
lost	2132	0.673854	0
lost	2131	0.673629	40
lost	2130	0.673405	-20
win	2129	0.67318	168
lost	2128	0.672956	0
lost	2127	0.672731	-40
lost	2126	0.672507	60
lost	2125	0.672283	80
lost	2124	0.672059	0
lost	2123	0.671835	40
lost	2122	0.671611	-40
lost	2121	0.671387	-20
win	2120	0.671163	192
win	2119	0.67094	174
lost	2118	0.670716	80
lost	2117	0.670492	0
lost	2116	0.670269	80
win	2115	0.670045	186
lost	2114	0.669822	0
lost	2113	0.669599	60
lost	2112	0.669376	-20
lost	2111	0.669153	100
lost	2110	0.668929	-20
lost	2109	0.668707	20
lost	2108	0.668484	-40
lost	2107	0.668261	-40
lost	2106	0.668038	0
lost	2105	0.667815	60
lost	2104	0.667593	40
lost	2103	0.66737	80
lost	2102	0.667148	-20
lost	2101	0.666925	140
lost	2100	0.666703	0
lost	2099	0.666481	40
lost	2098	0.666259	20
lost	2097	0.666037	-20
lost	2096	0.665815	0
lost	2095	0.665593	80
lost	2094	0.665371	60
lost	2093	0.665149	20
lost	2092	0.664927	20
lost	2091	0.664706	0
lost	2090	0.664484	-18
lost	2089	0.664263	80
lost	2088	0.664041	80
lost	2087	0.66382	60
lost	2086	0.663599	20
win	2085	0.663377	186
lost	2084	0.663156	-20
lost	2083	0.662935	0
lost	2082	0.662714	20
win	2081	0.662493	162
lost	2080	0.662272	60
lost	2079	0.662052	20
win	2078	0.661831	174
lost	2077	0.66161	20
lost	2076	0.66139	0
lost	2075	0.661169	0
lost	2074	0.660949	120
lost	2073	0.660729	0
lost	2072	0.660508	-40
lost	2071	0.660288	0
lost	2070	0.660068	120
lost	2069	0.659848	20
win	2068	0.659628	162
lost	2067	0.659408	-40
lost	2066	0.659188	0
lost	2065	0.658969	0
lost	2064	0.658749	120
win	2063	0.65853	168
lost	2062	0.65831	100
lost	2061	0.658091	20
lost	2060	0.657871	0
lost	2059	0.657652	0
win	2058	0.657433	168
lost	2057	0.657214	80
lost	2056	0.656994	-20
win	2055	0.656775	160
lost	2054	0.656557	-40
lost	2053	0.656338	140
lost	2052	0.656119	20
lost	2051	0.6559	120
lost	2050	0.655682	80
lost	2049	0.655463	-20
win	2048	0.655245	174
lost	2047	0.655026	40
lost	2046	0.654808	100
lost	2045	0.65459	60
lost	2044	0.654371	102
lost	2043	0.654153	120
lost	2042	0.653935	80
lost	2041	0.653717	0
lost	2040	0.653499	60
lost	2039	0.653281	40
lost	2038	0.653064	60
win	2037	0.652846	168
win	2036	0.652628	174
lost	2035	0.652411	-40
lost	2034	0.652193	-40
win	2033	0.651976	180
lost	2032	0.651759	80
lost	2031	0.651541	60
lost	2030	0.651324	0
lost	2029	0.651107	20
lost	2028	0.65089	-40
lost	2027	0.650673	20
lost	2026	0.650456	0
lost	2025	0.650239	100
lost	2024	0.650023	40
win	2023	0.649806	192
win	2022	0.649589	162
lost	2021	0.649373	80
lost	2020	0.649156	0
lost	2019	0.64894	0
lost	2018	0.648724	40
lost	2017	0.648507	80
lost	2016	0.648291	20
win	2015	0.648075	168
lost	2014	0.647859	20
lost	2013	0.647643	-32
lost	2012	0.647427	0
lost	2011	0.647212	-40
lost	2010	0.646996	-40
lost	2009	0.64678	-40
lost	2008	0.646565	-40
lost	2007	0.646349	60
lost	2006	0.646134	-40
lost	2005	0.645918	80
lost	2004	0.645703	100
lost	2003	0.645488	0
lost	2002	0.645272	40
lost	2001	0.645057	40
lost	2000	0.644842	-20
lost	1999	0.644627	-20
lost	1998	0.644413	0
lost	1997	0.644198	80
lost	1996	0.643983	40
lost	1995	0.643768	-20
lost	1994	0.643554	-40
lost	1993	0.643339	-40
lost	1992	0.643125	60
lost	1991	0.64291	0
lost	1990	0.642696	22
win	1989	0.642482	168
lost	1988	0.642268	20
lost	1987	0.642054	0
lost	1986	0.64184	40
lost	1985	0.641626	40
lost	1984	0.641412	120
lost	1983	0.641198	-20
win	1982	0.640984	168
lost	1981	0.640771	0
lost	1980	0.640557	20
lost	1979	0.640343	0
lost	1978	0.64013	-20
lost	1977	0.639917	-20
lost	1976	0.639703	0
lost	1975	0.63949	140
lost	1974	0.639277	-40
win	1973	0.639064	168
lost	1972	0.638851	80
lost	1971	0.638638	100
lost	1970	0.638425	40
lost	1969	0.638212	80
lost	1968	0.637999	0
lost	1967	0.637787	80
win	1966	0.637574	192
win	1965	0.637362	162
lost	1964	0.637149	20
lost	1963	0.636937	-40
lost	1962	0.636725	0
lost	1961	0.636512	0
lost	1960	0.6363	140
lost	1959	0.636088	2
lost	1958	0.635876	140
lost	1957	0.635664	100
lost	1956	0.635452	-20
lost	1955	0.63524	20
win	1954	0.635029	186
lost	1953	0.634817	0
lost	1952	0.634605	0
win	1951	0.634394	162
lost	1950	0.634182	120
lost	1949	0.633971	0
lost	1948	0.63376	100
lost	1947	0.633548	140
lost	1946	0.633337	0
win	1945	0.633126	162
lost	1944	0.632915	0
lost	1943	0.632704	0
lost	1942	0.632493	40
win	1941	0.632282	180
lost	1940	0.632072	42
lost	1939	0.631861	-20
lost	1938	0.63165	80
win	1937	0.63144	216
lost	1936	0.631229	20
lost	1935	0.631019	-40
lost	1934	0.630808	20
lost	1933	0.630598	0
lost	1932	0.630388	40
lost	1931	0.630178	0
lost	1930	0.629968	-20
win	1929	0.629758	174
lost	1928	0.629548	-40
lost	1927	0.629338	20
lost	1926	0.629128	122
lost	1925	0.628919	-40
lost	1924	0.628709	0
lost	1923	0.628499	20
lost	1922	0.62829	-20
lost	1921	0.62808	80
lost	1920	0.627871	20
lost	1919	0.627662	120
lost	1918	0.627453	20
lost	1917	0.627243	-40
lost	1916	0.627034	-20
lost	1915	0.626825	-20
win	1914	0.626616	168
lost	1913	0.626407	0
lost	1912	0.626199	0
lost	1911	0.62599	80
lost	1910	0.625781	40
lost	1909	0.625573	40
lost	1908	0.625364	40
lost	1907	0.625156	-20
lost	1906	0.624947	40
lost	1905	0.624739	40
win	1904	0.624531	180
lost	1903	0.624323	60
lost	1902	0.624114	20
lost	1901	0.623906	80
lost	1900	0.623698	-20
lost	1899	0.623491	-40
lost	1898	0.623283	120
lost	1897	0.623075	0
lost	1896	0.622867	40
lost	1895	0.62266	40
lost	1894	0.622452	0
lost	1893	0.622245	100
lost	1892	0.622037	60
lost	1891	0.62183	0
lost	1890	0.621623	40
lost	1889	0.621415	60
lost	1888	0.621208	120
lost	1887	0.621001	80
lost	1886	0.620794	-40
lost	1885	0.620587	0
lost	1884	0.62038	60
win	1883	0.620174	180
lost	1882	0.619967	40
lost	1881	0.61976	0
win	1880	0.619554	168
lost	1879	0.619347	20
lost	1878	0.619141	40
lost	1877	0.618934	0
lost	1876	0.618728	40
win	1875	0.618522	162
lost	1874	0.618316	100
lost	1873	0.618109	40
lost	1872	0.617903	0
lost	1871	0.617697	2
lost	1870	0.617492	0
lost	1869	0.617286	-20
lost	1868	0.61708	80
win	1867	0.616874	192
lost	1866	0.616669	-20
lost	1865	0.616463	120
lost	1864	0.616258	20
lost	1863	0.616052	0
win	1862	0.615847	198
lost	1861	0.615641	120
lost	1860	0.615436	120
lost	1859	0.615231	40
lost	1858	0.615026	60
lost	1857	0.614821	-40
lost	1856	0.614616	40
lost	1855	0.614411	0
lost	1854	0.614206	100
lost	1853	0.614002	40
lost	1852	0.613797	60
lost	1851	0.613592	-40
win	1850	0.613388	168
lost	1849	0.613183	0
lost	1848	0.612979	140
lost	1847	0.612775	80
lost	1846	0.61257	40
lost	1845	0.612366	100
lost	1844	0.612162	0
lost	1843	0.611958	22
lost	1842	0.611754	40
lost	1841	0.61155	-20
lost	1840	0.611346	40
lost	1839	0.611143	40
lost	1838	0.610939	100
lost	1837	0.610735	100
lost	1836	0.610532	80
lost	1835	0.610328	20
lost	1834	0.610125	-40
win	1833	0.609921	162
lost	1832	0.609718	120
lost	1831	0.609515	40
lost	1830	0.609312	-20
lost	1829	0.609108	20
lost	1828	0.608905	-20
lost	1827	0.608702	-20
lost	1826	0.6085	0
lost	1825	0.608297	-40
lost	1824	0.608094	20
win	1823	0.607891	198
lost	1822	0.607689	40
lost	1821	0.607486	60
win	1820	0.607284	180
lost	1819	0.607081	80
lost	1818	0.606879	100
lost	1817	0.606676	40
lost	1816	0.606474	20
lost	1815	0.606272	80
lost	1814	0.60607	100
lost	1813	0.605868	-40
lost	1812	0.605666	-20
lost	1811	0.605464	40
lost	1810	0.605262	80
win	1809	0.605061	160
lost	1808	0.604859	40
lost	1807	0.604657	-20
lost	1806	0.604456	100
lost	1805	0.604254	-40
lost	1804	0.604053	20
lost	1803	0.603851	-40
lost	1802	0.60365	0
lost	1801	0.603449	40
lost	1800	0.603248	20
lost	1799	0.603047	82
lost	1798	0.602846	0
lost	1797	0.602645	0
lost	1796	0.602444	60
lost	1795	0.602243	120
lost	1794	0.602042	40
lost	1793	0.601842	0
lost	1792	0.601641	80
lost	1791	0.60144	100
lost	1790	0.60124	80
lost	1789	0.60104	20
lost	1788	0.600839	60
lost	1787	0.600639	0
lost	1786	0.600439	0
lost	1785	0.600239	-20
lost	1784	0.600039	0
lost	1783	0.599839	-40
lost	1782	0.599639	40
lost	1781	0.599439	42
lost	1780	0.599239	-20
lost	1779	0.599039	-40
lost	1778	0.598839	88
lost	1777	0.59864	80
lost	1776	0.59844	0
lost	1775	0.598241	0
lost	1774	0.598041	100
lost	1773	0.597842	20
lost	1772	0.597643	100
lost	1771	0.597444	140
lost	1770	0.597244	20
lost	1769	0.597045	100
lost	1768	0.596846	80
lost	1767	0.596647	-20
lost	1766	0.596448	40
lost	1765	0.59625	-20
win	1764	0.596051	162
lost	1763	0.595852	0
lost	1762	0.595654	0
lost	1761	0.595455	60
lost	1760	0.595257	80
win	1759	0.595058	186
lost	1758	0.59486	-20
lost	1757	0.594662	120
lost	1756	0.594463	40
lost	1755	0.594265	60
lost	1754	0.594067	0
lost	1753	0.593869	0
lost	1752	0.593671	-40
lost	1751	0.593473	120
win	1750	0.593275	168
lost	1749	0.593078	20
lost	1748	0.59288	20
lost	1747	0.592682	120
lost	1746	0.592485	80
lost	1745	0.592287	-20
lost	1744	0.59209	60
lost	1743	0.591892	0
lost	1742	0.591695	100
lost	1741	0.591498	-20
lost	1740	0.591301	120
win	1739	0.591104	204
win	1738	0.590907	174
lost	1737	0.59071	40
lost	1736	0.590513	80
lost	1735	0.590316	-20
lost	1734	0.590119	0
lost	1733	0.589922	120
lost	1732	0.589726	0
lost	1731	0.589529	140
win	1730	0.589333	174
lost	1729	0.589136	0
lost	1728	0.58894	0
lost	1727	0.588744	20
lost	1726	0.588547	20
lost	1725	0.588351	0
lost	1724	0.588155	80
lost	1723	0.587959	0
lost	1722	0.587763	120
lost	1721	0.587567	20
lost	1720	0.587371	-20
lost	1719	0.587175	-40
lost	1718	0.58698	-20
lost	1717	0.586784	100
lost	1716	0.586588	120
lost	1715	0.586393	-40
lost	1714	0.586197	40
lost	1713	0.586002	0
lost	1712	0.585807	20
win	1711	0.585611	180
lost	1710	0.585416	40
lost	1709	0.585221	0
win	1708	0.585026	186
lost	1707	0.584831	-20
lost	1706	0.584636	-40
lost	1705	0.584441	-40
lost	1704	0.584246	40
lost	1703	0.584052	-20
lost	1702	0.583857	40
lost	1701	0.583662	0
lost	1700	0.583468	-40
lost	1699	0.583273	22
lost	1698	0.583079	0
lost	1697	0.582884	0
win	1696	0.58269	162
lost	1695	0.582496	20
lost	1694	0.582302	22
win	1693	0.582108	178
lost	1692	0.581914	40
lost	1691	0.58172	0
lost	1690	0.581526	20
lost	1689	0.581332	60
lost	1688	0.581138	0
lost	1687	0.580944	-20
lost	1686	0.580751	120
win	1685	0.580557	198
win	1684	0.580364	174
lost	1683	0.58017	122
win	1682	0.579977	198
lost	1681	0.579784	120
lost	1680	0.57959	80
lost	1679	0.579397	60
lost	1678	0.579204	80
lost	1677	0.579011	0
lost	1676	0.578818	0
win	1675	0.578625	174
lost	1674	0.578432	80
lost	1673	0.578239	60
lost	1672	0.578046	60
win	1671	0.577854	192
lost	1670	0.577661	40
lost	1669	0.577469	-20
lost	1668	0.577276	0
lost	1667	0.577084	-40
lost	1666	0.576891	-40
lost	1665	0.576699	80
win	1664	0.576507	186
lost	1663	0.576315	-38
lost	1662	0.576123	-20
lost	1661	0.575931	80
lost	1660	0.575739	120
lost	1659	0.575547	2
lost	1658	0.575355	20
win	1657	0.575163	186
lost	1656	0.574971	80
lost	1655	0.57478	0
lost	1654	0.574588	120
win	1653	0.574396	174
lost	1652	0.574205	80
lost	1651	0.574014	-40
lost	1650	0.573822	-20
lost	1649	0.573631	60
lost	1648	0.57344	20
lost	1647	0.573249	80
lost	1646	0.573058	0
lost	1645	0.572867	40
win	1644	0.572676	168
lost	1643	0.572485	20
lost	1642	0.572294	40
lost	1641	0.572103	80
lost	1640	0.571912	0
lost	1639	0.571722	-40
lost	1638	0.571531	20
lost	1637	0.571341	60
lost	1636	0.57115	-40
lost	1635	0.57096	-20
lost	1634	0.57077	20
lost	1633	0.570579	80
lost	1632	0.570389	-20
lost	1631	0.570199	20
lost	1630	0.570009	60
lost	1629	0.569819	60
lost	1628	0.569629	0
lost	1627	0.569439	-40
win	1626	0.569249	140
lost	1625	0.56906	0
lost	1624	0.56887	20
lost	1623	0.56868	20
win	1622	0.568491	198
lost	1621	0.568301	20
lost	1620	0.568112	80
lost	1619	0.567922	40
lost	1618	0.567733	0
lost	1617	0.567544	120
lost	1616	0.567355	0
lost	1615	0.567165	0
lost	1614	0.566976	80
lost	1613	0.566787	-40
lost	1612	0.566599	-40
lost	1611	0.56641	-40
lost	1610	0.566221	-40
lost	1609	0.566032	0
lost	1608	0.565843	20
lost	1607	0.565655	120
win	1606	0.565466	166
lost	1605	0.565278	0
lost	1604	0.565089	-20
lost	1603	0.564901	40
lost	1602	0.564713	0
lost	1601	0.564524	100
lost	1600	0.564336	-20
lost	1599	0.564148	60
lost	1598	0.56396	40
win	1597	0.563772	174
lost	1596	0.563584	0
lost	1595	0.563396	-18
lost	1594	0.563209	40
lost	1593	0.563021	20
lost	1592	0.562833	100
lost	1591	0.562646	42
lost	1590	0.562458	-40
lost	1589	0.56227	60
win	1588	0.562083	198
lost	1587	0.561896	-20
lost	1586	0.561708	40
lost	1585	0.561521	-40
win	1584	0.561334	210
lost	1583	0.561147	-40
lost	1582	0.56096	100
lost	1581	0.560773	60
win	1580	0.560586	180
lost	1579	0.560399	80
lost	1578	0.560212	-20
lost	1577	0.560026	80
lost	1576	0.559839	60
win	1575	0.559652	160
lost	1574	0.559466	60
lost	1573	0.559279	0
lost	1572	0.559093	60
lost	1571	0.558906	122
lost	1570	0.55872	40
lost	1569	0.558534	0
lost	1568	0.558348	20
lost	1567	0.558162	-20
lost	1566	0.557976	40
lost	1565	0.55779	100
lost	1564	0.557604	20
lost	1563	0.557418	100
lost	1562	0.557232	0
lost	1561	0.557046	20
lost	1560	0.55686	40
lost	1559	0.556675	0
lost	1558	0.556489	-40
lost	1557	0.556304	0
lost	1556	0.556118	40
lost	1555	0.555933	100
win	1554	0.555748	162
lost	1553	0.555562	40
lost	1552	0.555377	60
win	1551	0.555192	0
lost	1550	0.555007	20
lost	1549	0.554822	40
lost	1548	0.554637	80
win	1547	0.554452	162
win	1546	0.554267	198
lost	1545	0.554083	80
lost	1544	0.553898	-20
lost	1543	0.553713	-40
lost	1542	0.553529	-60
lost	1541	0.553344	40
lost	1540	0.55316	0
win	1539	0.552975	186
lost	1538	0.552791	100
lost	1537	0.552607	100
lost	1536	0.552423	-40
lost	1535	0.552239	120
lost	1534	0.552054	0
lost	1533	0.55187	0
lost	1532	0.551686	-20
lost	1531	0.551503	0
lost	1530	0.551319	40
lost	1529	0.551135	20
lost	1528	0.550951	100
win	1527	0.550768	234
lost	1526	0.550584	-20
lost	1525	0.5504	60
lost	1524	0.550217	20
lost	1523	0.550034	0
lost	1522	0.54985	-20
lost	1521	0.549667	20
lost	1520	0.549484	0
lost	1519	0.549301	20
lost	1518	0.549117	0
lost	1517	0.548934	20
lost	1516	0.548751	-40
lost	1515	0.548569	60
lost	1514	0.548386	80
win	1513	0.548203	162
lost	1512	0.54802	40
win	1511	0.547837	162
lost	1510	0.547655	0
lost	1509	0.547472	20
win	1508	0.54729	192
lost	1507	0.547107	20
lost	1506	0.546925	40
lost	1505	0.546743	60
lost	1504	0.54656	60
lost	1503	0.546378	40
lost	1502	0.546196	0
win	1501	0.546014	162
lost	1500	0.545832	-40
lost	1499	0.54565	80
lost	1498	0.545468	40
win	1497	0.545286	174
win	1496	0.545105	222
lost	1495	0.544923	-40
lost	1494	0.544741	-20
lost	1493	0.54456	-40
lost	1492	0.544378	80
lost	1491	0.544197	60
win	1490	0.544015	186
lost	1489	0.543834	80
lost	1488	0.543653	0
win	1487	0.543472	198
lost	1486	0.54329	80
lost	1485	0.543109	0
lost	1484	0.542928	60
lost	1483	0.542747	80
win	1482	0.542566	180
lost	1481	0.542386	40
lost	1480	0.542205	62
lost	1479	0.542024	0
lost	1478	0.541843	120
lost	1477	0.541663	-20
lost	1476	0.541482	40
win	1475	0.541302	162
lost	1474	0.541121	0
lost	1473	0.540941	40
lost	1472	0.540761	80
lost	1471	0.54058	80
win	1470	0.5404	204
lost	1469	0.54022	-20
lost	1468	0.54004	0
win	1467	0.53986	168
win	1466	0.53968	198
lost	1465	0.5395	60
lost	1464	0.53932	60
lost	1463	0.53914	0
win	1462	0.538961	174
win	1461	0.538781	162
lost	1460	0.538601	20
lost	1459	0.538422	80
lost	1458	0.538242	40
lost	1457	0.538063	20
lost	1456	0.537884	60
win	1455	0.537704	162
lost	1454	0.537525	-20
lost	1453	0.537346	40
lost	1452	0.537167	120
lost	1451	0.536988	120
lost	1450	0.536809	0
lost	1449	0.53663	20
lost	1448	0.536451	80
lost	1447	0.536272	60
lost	1446	0.536093	100
lost	1445	0.535915	120
lost	1444	0.535736	40
lost	1443	0.535557	0
win	1442	0.535379	168
lost	1441	0.535201	40
win	1440	0.535022	198
lost	1439	0.534844	2
lost	1438	0.534665	120
lost	1437	0.534487	20
lost	1436	0.534309	-20
lost	1435	0.534131	120
lost	1434	0.533953	40
lost	1433	0.533775	60
win	1432	0.533597	186
lost	1431	0.533419	-40
lost	1430	0.533241	0
lost	1429	0.533064	60
lost	1428	0.532886	100
lost	1427	0.532708	60
win	1426	0.532531	184
lost	1425	0.532353	80
lost	1424	0.532176	20
lost	1423	0.531998	0
lost	1422	0.531821	60
lost	1421	0.531644	60
lost	1420	0.531467	40
lost	1419	0.531289	60
lost	1418	0.531112	0
lost	1417	0.530935	40
lost	1416	0.530758	40
lost	1415	0.530581	100
lost	1414	0.530405	60
win	1413	0.530228	174
lost	1412	0.530051	20
lost	1411	0.529874	0
lost	1410	0.529698	0
lost	1409	0.529521	20
lost	1408	0.529345	20
lost	1407	0.529168	-40
lost	1406	0.528992	-40
win	1405	0.528815	174
lost	1404	0.528639	80
win	1403	0.528463	160
lost	1402	0.528287	20
win	1401	0.528111	162
lost	1400	0.527935	0
lost	1399	0.527759	0
win	1398	0.527583	168
lost	1397	0.527407	40
lost	1396	0.527231	0
lost	1395	0.527055	100
lost	1394	0.52688	80
lost	1393	0.526704	0
lost	1392	0.526528	0
lost	1391	0.526353	20
lost	1390	0.526178	80
lost	1389	0.526002	40
lost	1388	0.525827	0
lost	1387	0.525652	100
lost	1386	0.525476	20
lost	1385	0.525301	120
lost	1384	0.525126	120
lost	1383	0.524951	40
lost	1382	0.524776	60
lost	1381	0.524601	80
win	1380	0.524426	162
win	1379	0.524251	162
lost	1378	0.524077	120
win	1377	0.523902	204
win	1376	0.523727	162
lost	1375	0.523553	-40
lost	1374	0.523378	140
win	1373	0.523204	180
lost	1372	0.523029	60
lost	1371	0.522855	40
lost	1370	0.522681	20
lost	1369	0.522507	80
lost	1368	0.522332	-20
win	1367	0.522158	162
win	1366	0.521984	174
lost	1365	0.52181	40
win	1364	0.521636	198
lost	1363	0.521462	-40
lost	1362	0.521289	40
lost	1361	0.521115	40
lost	1360	0.520941	120
lost	1359	0.520767	-20
lost	1358	0.520594	0
win	1357	0.52042	210
lost	1356	0.520247	40
lost	1355	0.520073	-40
lost	1354	0.5199	40
lost	1353	0.519727	100
lost	1352	0.519554	100
lost	1351	0.51938	20
lost	1350	0.519207	80
lost	1349	0.519034	40
lost	1348	0.518861	40
lost	1347	0.518688	20
lost	1346	0.518515	20
lost	1345	0.518342	20
lost	1344	0.51817	60
lost	1343	0.517997	-38
lost	1342	0.517824	-20
lost	1341	0.517652	80
lost	1340	0.517479	80
win	1339	0.517307	202
lost	1338	0.517134	20
lost	1337	0.516962	20
lost	1336	0.516789	100
win	1335	0.516617	168
lost	1334	0.516445	-40
lost	1333	0.516273	120
lost	1332	0.516101	-40
lost	1331	0.515929	80
lost	1330	0.515757	20
lost	1329	0.515585	60
lost	1328	0.515413	20
lost	1327	0.515241	-20
lost	1326	0.515069	40
lost	1325	0.514898	0
lost	1324	0.514726	0
lost	1323	0.514555	0
lost	1322	0.514383	40
lost	1321	0.514212	0
lost	1320	0.51404	40
lost	1319	0.513869	120
lost	1318	0.513698	20
lost	1317	0.513526	40
lost	1316	0.513355	22
win	1315	0.513184	180
lost	1314	0.513013	0
win	1313	0.512842	162
win	1312	0.512671	162
lost	1311	0.5125	40
lost	1310	0.512329	120
lost	1309	0.512158	40
lost	1308	0.511988	80
lost	1307	0.511817	140
lost	1306	0.511647	40
lost	1305	0.511476	40
lost	1304	0.511305	80
win	1303	0.511135	180
lost	1302	0.510965	40
lost	1301	0.510794	20
win	1300	0.510624	192
lost	1299	0.510454	-20
lost	1298	0.510284	-20
lost	1297	0.510114	20
lost	1296	0.509944	20
lost	1295	0.509774	20
win	1294	0.509604	142
lost	1293	0.509434	40
lost	1292	0.509264	20
win	1291	0.509094	162
lost	1290	0.508925	80
win	1289	0.508755	174
lost	1288	0.508585	0
lost	1287	0.508416	100
lost	1286	0.508246	0
win	1285	0.508077	168
lost	1284	0.507908	100
lost	1283	0.507738	20
win	1282	0.507569	162
win	1281	0.5074	168
lost	1280	0.507231	0
lost	1279	0.507062	40
lost	1278	0.506893	0
lost	1277	0.506724	-40
lost	1276	0.506555	20
win	1275	0.506386	204
win	1274	0.506217	162
lost	1273	0.506048	100
lost	1272	0.50588	80
lost	1271	0.505711	0
lost	1270	0.505542	80
lost	1269	0.505374	0
win	1268	0.505205	174
lost	1267	0.505037	120
lost	1266	0.504869	40
lost	1265	0.5047	-20
lost	1264	0.504532	20
win	1263	0.504364	204
win	1262	0.504196	160
win	1261	0.504028	162
lost	1260	0.50386	122
lost	1259	0.503692	40
lost	1258	0.503524	40
lost	1257	0.503356	140
lost	1256	0.503188	42
lost	1255	0.503021	120
lost	1254	0.502853	22
lost	1253	0.502685	140
win	1252	0.502518	174
win	1251	0.50235	180
lost	1250	0.502183	-40
lost	1249	0.502015	-40
lost	1248	0.501848	-40
lost	1247	0.501681	20
lost	1246	0.501514	20
lost	1245	0.501346	0
lost	1244	0.501179	20
win	1243	0.501012	160
lost	1242	0.500845	100
lost	1241	0.500678	0
lost	1240	0.500511	60
win	1239	0.500345	162
lost	1238	0.500178	0
lost	1237	0.500011	20
lost	1236	0.499844	20
lost	1235	0.499678	40
lost	1234	0.499511	0
win	1233	0.499345	162
lost	1232	0.499178	20
lost	1231	0.499012	80
win	1230	0.498845	162
lost	1229	0.498679	120
win	1228	0.498513	162
lost	1227	0.498347	40
lost	1226	0.498181	20
lost	1225	0.498015	0
lost	1224	0.497849	22
lost	1223	0.497683	100
win	1222	0.497517	160
lost	1221	0.497351	120
lost	1220	0.497185	120
lost	1219	0.497019	20
lost	1218	0.496854	22
lost	1217	0.496688	0
lost	1216	0.496523	0
win	1215	0.496357	186
lost	1214	0.496192	40
lost	1213	0.496026	-20
lost	1212	0.495861	80
lost	1211	0.495696	-20
lost	1210	0.49553	100
win	1209	0.495365	174
lost	1208	0.4952	60
win	1207	0.495035	186
lost	1206	0.49487	100
lost	1205	0.494705	60
win	1204	0.49454	162
lost	1203	0.494375	80
lost	1202	0.49421	122
lost	1201	0.494046	20
lost	1200	0.493881	-38
lost	1199	0.493716	0
lost	1198	0.493552	100
lost	1197	0.493387	100
win	1196	0.493223	180
lost	1195	0.493058	80
lost	1194	0.492894	60
lost	1193	0.49273	100
lost	1192	0.492566	0
lost	1191	0.492401	0
lost	1190	0.492237	20
lost	1189	0.492073	40
lost	1188	0.491909	0
lost	1187	0.491745	0
lost	1186	0.491581	120
lost	1185	0.491417	0
lost	1184	0.491254	120
lost	1183	0.49109	40
lost	1182	0.490926	80
lost	1181	0.490763	0
lost	1180	0.490599	20
lost	1179	0.490435	-40
lost	1178	0.490272	0
win	1177	0.490109	174
win	1176	0.489945	204
lost	1175	0.489782	40
lost	1174	0.489619	0
lost	1173	0.489455	-20
lost	1172	0.489292	60
lost	1171	0.489129	40
win	1170	0.488966	180
lost	1169	0.488803	-40
lost	1168	0.48864	40
win	1167	0.488477	186
lost	1166	0.488314	0
lost	1165	0.488152	0
lost	1164	0.487989	80
win	1163	0.487826	162
lost	1162	0.487664	40
lost	1161	0.487501	-40
lost	1160	0.487339	40
lost	1159	0.487176	140
lost	1158	0.487014	100
lost	1157	0.486851	140
lost	1156	0.486689	40
win	1155	0.486527	178
win	1154	0.486365	186
lost	1153	0.486203	-20
lost	1152	0.486041	40
win	1151	0.485879	168
lost	1150	0.485717	40
lost	1149	0.485555	-20
lost	1148	0.485393	-40
lost	1147	0.485231	80
lost	1146	0.485069	0
lost	1145	0.484908	-40
lost	1144	0.484746	20
lost	1143	0.484584	40
lost	1142	0.484423	80
lost	1141	0.484261	60
win	1140	0.4841	162
lost	1139	0.483939	0
lost	1138	0.483777	-20
lost	1137	0.483616	0
lost	1136	0.483455	-20
lost	1135	0.483294	-20
win	1134	0.483133	142
lost	1133	0.482972	-40
lost	1132	0.482811	40
lost	1131	0.48265	-20
win	1130	0.482489	204
lost	1129	0.482328	80
lost	1128	0.482167	40
lost	1127	0.482006	20
lost	1126	0.481846	20
lost	1125	0.481685	20
win	1124	0.481525	186
lost	1123	0.481364	60
lost	1122	0.481204	82
lost	1121	0.481043	-20
lost	1120	0.480883	60
win	1119	0.480723	186
lost	1118	0.480562	20
lost	1117	0.480402	0
lost	1116	0.480242	40
lost	1115	0.480082	120
lost	1114	0.479922	100
win	1113	0.479762	160
lost	1112	0.479602	40
lost	1111	0.479442	140
lost	1110	0.479282	40
lost	1109	0.479123	120
lost	1108	0.478963	-20
win	1107	0.478803	168
win	1106	0.478644	180
win	1105	0.478484	162
lost	1104	0.478325	-20
win	1103	0.478165	186
lost	1102	0.478006	60
lost	1101	0.477846	140
lost	1100	0.477687	140
lost	1099	0.477528	22
lost	1098	0.477369	140
lost	1097	0.47721	140
lost	1096	0.47705	-40
lost	1095	0.476891	0
lost	1094	0.476732	20
lost	1093	0.476574	0
lost	1092	0.476415	20
lost	1091	0.476256	20
lost	1090	0.476097	0
lost	1089	0.475938	120
win	1088	0.47578	168
lost	1087	0.475621	40
lost	1086	0.475463	20
lost	1085	0.475304	0
lost	1084	0.475146	80
win	1083	0.474987	148
lost	1082	0.474829	-40
win	1081	0.474671	0
lost	1080	0.474513	0
lost	1079	0.474354	0
lost	1078	0.474196	-20
lost	1077	0.474038	-40
lost	1076	0.47388	60
lost	1075	0.473722	0
lost	1074	0.473564	80
lost	1073	0.473406	20
lost	1072	0.473249	-20
win	1071	0.473091	204
lost	1070	0.472933	80
lost	1069	0.472776	140
lost	1068	0.472618	120
lost	1067	0.47246	20
win	1066	0.472303	140
lost	1065	0.472146	-20
win	1064	0.471988	174
lost	1063	0.471831	0
lost	1062	0.471674	0
win	1061	0.471516	162
lost	1060	0.471359	80
lost	1059	0.471202	60
lost	1058	0.471045	40
lost	1057	0.470888	82
lost	1056	0.470731	48
win	1055	0.470574	210
win	1054	0.470417	192
lost	1053	0.47026	40
lost	1052	0.470104	80
lost	1051	0.469947	40
lost	1050	0.46979	-20
lost	1049	0.469634	-38
win	1048	0.469477	174
lost	1047	0.469321	42
lost	1046	0.469164	20
lost	1045	0.469008	-60
lost	1044	0.468851	0
lost	1043	0.468695	60
lost	1042	0.468539	0
win	1041	0.468383	198
lost	1040	0.468227	100
lost	1039	0.468071	80
lost	1038	0.467915	0
lost	1037	0.467759	20
lost	1036	0.467603	40
win	1035	0.467447	140
lost	1034	0.467291	20
lost	1033	0.467135	-38
lost	1032	0.46698	60
win	1031	0.466824	162
lost	1030	0.466668	80
lost	1029	0.466513	80
win	1028	0.466357	168
lost	1027	0.466202	-40
lost	1026	0.466046	40
lost	1025	0.465891	-40
lost	1024	0.465736	40
lost	1023	0.46558	-20
lost	1022	0.465425	100
win	1021	0.46527	174
win	1020	0.465115	186
win	1019	0.46496	186
lost	1018	0.464805	60
lost	1017	0.46465	40
lost	1016	0.464495	20
lost	1015	0.46434	80
lost	1014	0.464186	40
lost	1013	0.464031	120
lost	1012	0.463876	40
win	1011	0.463722	180
lost	1010	0.463567	-20
lost	1009	0.463412	60
win	1008	0.463258	174
lost	1007	0.463104	20
lost	1006	0.462949	80
win	1005	0.462795	160
lost	1004	0.462641	0
lost	1003	0.462486	40
lost	1002	0.462332	140
lost	1001	0.462178	120
lost	1000	0.462024	42
lost	999	0.46187	0
lost	998	0.461716	-18
lost	997	0.461562	0
lost	996	0.461408	20
win	995	0.461255	0
lost	994	0.461101	40
lost	993	0.460947	140
win	992	0.460793	162
lost	991	0.46064	20
lost	990	0.460486	120
lost	989	0.460333	80
lost	988	0.460179	20
lost	987	0.460026	60
win	986	0.459873	180
lost	985	0.459719	40
lost	984	0.459566	0
lost	983	0.459413	42
lost	982	0.45926	100
lost	981	0.459107	-20
lost	980	0.458954	0
lost	979	0.458801	0
lost	978	0.458648	0
lost	977	0.458495	140
lost	976	0.458342	0
win	975	0.458189	204
lost	974	0.458036	0
lost	973	0.457884	40
lost	972	0.457731	60
win	971	0.457579	204
lost	970	0.457426	120
lost	969	0.457274	60
lost	968	0.457121	120
lost	967	0.456969	40
lost	966	0.456816	40
win	965	0.456664	186
win	964	0.456512	174
win	963	0.45636	0
lost	962	0.456208	60
lost	961	0.456056	-40
lost	960	0.455904	20
lost	959	0.455752	0
lost	958	0.4556	140
lost	957	0.455448	20
win	956	0.455296	174
lost	955	0.455144	20
win	954	0.454993	186
win	953	0.454841	186
lost	952	0.454689	-40
lost	951	0.454538	0
lost	950	0.454386	80
win	949	0.454235	192
lost	948	0.454083	40
lost	947	0.453932	40
lost	946	0.453781	0
lost	945	0.453629	0
lost	944	0.453478	-20
lost	943	0.453327	120
lost	942	0.453176	120
lost	941	0.453025	40
lost	940	0.452874	20
lost	939	0.452723	40
lost	938	0.452572	60
lost	937	0.452421	100
lost	936	0.45227	40
lost	935	0.45212	20
lost	934	0.451969	120
lost	933	0.451818	20
lost	932	0.451668	20
lost	931	0.451517	40
win	930	0.451367	198
lost	929	0.451216	0
win	928	0.451066	216
lost	927	0.450915	0
lost	926	0.450765	80
lost	925	0.450615	120
lost	924	0.450465	0
lost	923	0.450314	60
lost	922	0.450164	0
lost	921	0.450014	-20
lost	920	0.449864	120
lost	919	0.449714	40
lost	918	0.449564	40
lost	917	0.449415	40
lost	916	0.449265	40
win	915	0.449115	192
win	914	0.448965	162
lost	913	0.448816	120
lost	912	0.448666	80
lost	911	0.448516	120
lost	910	0.448367	80
lost	909	0.448217	140
lost	908	0.448068	140
lost	907	0.447919	0
lost	906	0.447769	20
lost	905	0.44762	120
lost	904	0.447471	20
lost	903	0.447322	40
lost	902	0.447173	20
win	901	0.447024	186
lost	900	0.446875	20
lost	899	0.446726	120
lost	898	0.446577	0
lost	897	0.446428	-20
lost	896	0.446279	40
lost	895	0.44613	40
win	894	0.445982	0
lost	893	0.445833	40
lost	892	0.445684	80
lost	891	0.445536	40
win	890	0.445387	148
win	889	0.445239	180
lost	888	0.44509	20
lost	887	0.444942	0
win	886	0.444794	210
lost	885	0.444645	-20
lost	884	0.444497	20
lost	883	0.444349	-40
lost	882	0.444201	0
lost	881	0.444053	60
win	880	0.443905	168
win	879	0.443757	162
win	878	0.443609	186
lost	877	0.443461	40
lost	876	0.443313	-20
lost	875	0.443166	-60
lost	874	0.443018	0
win	873	0.44287	204
win	872	0.442723	162
lost	871	0.442575	60
lost	870	0.442427	60
lost	869	0.44228	0
lost	868	0.442133	120
win	867	0.441985	204
lost	866	0.441838	-20
lost	865	0.441691	100
win	864	0.441543	162
lost	863	0.441396	40
lost	862	0.441249	140
win	861	0.441102	198
lost	860	0.440955	80
win	859	0.440808	198
win	858	0.440661	168
lost	857	0.440514	80
lost	856	0.440367	-40
win	855	0.44022	162
lost	854	0.440074	-40
lost	853	0.439927	40
lost	852	0.43978	60
lost	851	0.439634	-38
lost	850	0.439487	0
win	849	0.439341	174
lost	848	0.439194	120
win	847	0.439048	180
win	846	0.438902	198
lost	845	0.438755	100
win	844	0.438609	174
win	843	0.438463	192
lost	842	0.438317	40
lost	841	0.438171	0
lost	840	0.438024	20
win	839	0.437878	168
lost	838	0.437732	80
lost	837	0.437587	0
lost	836	0.437441	80
win	835	0.437295	180
lost	834	0.437149	60
lost	833	0.437003	40
lost	832	0.436858	80
lost	831	0.436712	120
win	830	0.436567	0
win	829	0.436421	160
lost	828	0.436276	20
lost	827	0.43613	-40
lost	826	0.435985	100
lost	825	0.435839	60
lost	824	0.435694	120
lost	823	0.435549	122
win	822	0.435404	168
lost	821	0.435259	40
lost	820	0.435114	80
lost	819	0.434968	20
lost	818	0.434823	-20
lost	817	0.434679	120
lost	816	0.434534	-40
lost	815	0.434389	80
win	814	0.434244	186
lost	813	0.434099	40
win	812	0.433955	192
win	811	0.43381	186
lost	810	0.433665	60
lost	809	0.433521	20
lost	808	0.433376	40
lost	807	0.433232	2
win	806	0.433087	162
lost	805	0.432943	140
lost	804	0.432799	40
win	803	0.432654	204
win	802	0.43251	174
lost	801	0.432366	-20
win	800	0.432222	210
lost	799	0.432078	100
win	798	0.431934	180
win	797	0.43179	174
win	796	0.431646	216
lost	795	0.431502	40
win	794	0.431358	180
lost	793	0.431214	0
win	792	0.431071	198
lost	791	0.430927	40
lost	790	0.430783	0
lost	789	0.43064	20
lost	788	0.430496	40
lost	787	0.430353	120
lost	786	0.430209	20
win	785	0.430066	160
win	784	0.429922	0
lost	783	0.429779	-18
win	782	0.429636	180
lost	781	0.429493	40
lost	780	0.42935	80
lost	779	0.429206	20
win	778	0.429063	204
win	777	0.42892	178
lost	776	0.428777	120
lost	775	0.428634	40
lost	774	0.428492	100
lost	773	0.428349	60
lost	772	0.428206	102
win	771	0.428063	204
lost	770	0.427921	80
lost	769	0.427778	40
lost	768	0.427635	140
win	767	0.427493	186
lost	766	0.42735	40
lost	765	0.427208	60
lost	764	0.427065	0
win	763	0.426923	174
win	762	0.426781	192
lost	761	0.426638	80
lost	760	0.426496	120
win	759	0.426354	216
lost	758	0.426212	60
lost	757	0.42607	-40
win	756	0.425928	162
lost	755	0.425786	40
lost	754	0.425644	120
lost	753	0.425502	0
lost	752	0.42536	-20
lost	751	0.425218	-20
lost	750	0.425077	0
lost	749	0.424935	102
lost	748	0.424793	-40
win	747	0.424652	186
lost	746	0.42451	40
win	745	0.424369	0
lost	744	0.424227	-40
lost	743	0.424086	40
win	742	0.423945	160
lost	741	0.423803	120
lost	740	0.423662	-40
lost	739	0.423521	40
lost	738	0.42338	20
lost	737	0.423238	80
lost	736	0.423097	80
lost	735	0.422956	-20
lost	734	0.422815	-20
lost	733	0.422674	40
lost	732	0.422534	20
lost	731	0.422393	40
lost	730	0.422252	-20
lost	729	0.422111	-20
lost	728	0.42197	0
lost	727	0.42183	-20
lost	726	0.421689	-40
lost	725	0.421549	0
win	724	0.421408	198
lost	723	0.421268	0
lost	722	0.421127	80
lost	721	0.420987	20
lost	720	0.420846	-20
lost	719	0.420706	0
win	718	0.420566	162
lost	717	0.420426	20
lost	716	0.420286	-40
lost	715	0.420146	-40
win	714	0.420005	198
lost	713	0.419865	2
lost	712	0.419726	40
lost	711	0.419586	120
lost	710	0.419446	-40
lost	709	0.419306	20
win	708	0.419166	192
lost	707	0.419026	20
lost	706	0.418887	60
lost	705	0.418747	20
lost	704	0.418608	8
lost	703	0.418468	100
lost	702	0.418329	60
lost	701	0.418189	-20
lost	700	0.41805	120
lost	699	0.41791	40
lost	698	0.417771	80
lost	697	0.417632	20
lost	696	0.417493	80
lost	695	0.417353	-40
lost	694	0.417214	80
lost	693	0.417075	0
lost	692	0.416936	60
lost	691	0.416797	-20
lost	690	0.416658	40
win	689	0.416519	186
lost	688	0.416381	120
lost	687	0.416242	80
lost	686	0.416103	-40
lost	685	0.415964	40
lost	684	0.415826	-20
lost	683	0.415687	0
lost	682	0.415548	0
lost	681	0.41541	40
lost	680	0.415271	-20
lost	679	0.415133	-40
lost	678	0.414995	40
lost	677	0.414856	-40
lost	676	0.414718	-20
lost	675	0.41458	120
lost	674	0.414442	0
win	673	0.414303	162
win	672	0.414165	0
lost	671	0.414027	120
lost	670	0.413889	120
win	669	0.413751	174
lost	668	0.413613	80
lost	667	0.413476	140
lost	666	0.413338	2
lost	665	0.4132	40
win	664	0.413062	192
win	663	0.412925	210
win	662	0.412787	198
lost	661	0.412649	-40
lost	660	0.412512	0
lost	659	0.412374	-20
lost	658	0.412237	40
lost	657	0.412099	100
lost	656	0.411962	20
win	655	0.411825	168
lost	654	0.411687	80
win	653	0.41155	192
lost	652	0.411413	40
lost	651	0.411276	60
lost	650	0.411139	80
win	649	0.411002	198
lost	648	0.410865	0
lost	647	0.410728	40
lost	646	0.410591	0
lost	645	0.410454	40
win	644	0.410317	162
win	643	0.41018	162
win	642	0.410044	162
lost	641	0.409907	-40
lost	640	0.40977	100
lost	639	0.409634	-40
lost	638	0.409497	0
win	637	0.409361	186
lost	636	0.409224	80
lost	635	0.409088	0
lost	634	0.408952	62
win	633	0.408815	174
lost	632	0.408679	80
lost	631	0.408543	20
lost	630	0.408407	40
lost	629	0.40827	80
lost	628	0.408134	60
lost	627	0.407998	-40
lost	626	0.407862	0
lost	625	0.407726	-20
lost	624	0.40759	0
lost	623	0.407455	0
lost	622	0.407319	0
lost	621	0.407183	2
lost	620	0.407047	-20
win	619	0.406912	162
lost	618	0.406776	40
lost	617	0.40664	80
lost	616	0.406505	40
lost	615	0.406369	80
win	614	0.406234	210
win	613	0.406098	204
lost	612	0.405963	100
lost	611	0.405828	0
win	610	0.405692	168
lost	609	0.405557	40
lost	608	0.405422	40
lost	607	0.405287	80
lost	606	0.405152	60
lost	605	0.405017	20
lost	604	0.404882	0
lost	603	0.404747	40
lost	602	0.404612	-40
lost	601	0.404477	120
lost	600	0.404342	60
win	599	0.404207	222
lost	598	0.404073	40
lost	597	0.403938	-40
win	596	0.403803	180
lost	595	0.403669	-20
win	594	0.403534	174
win	593	0.4034	210
lost	592	0.403265	20
win	591	0.403131	174
win	590	0.402996	162
lost	589	0.402862	0
win	588	0.402728	210
lost	587	0.402593	20
lost	586	0.402459	0
lost	585	0.402325	100
lost	584	0.402191	20
win	583	0.402057	180
lost	582	0.401923	80
win	581	0.401789	210
lost	580	0.401655	80
lost	579	0.401521	140
win	578	0.401387	204
lost	577	0.401254	0
lost	576	0.40112	-40
win	575	0.400986	162
lost	574	0.400852	40
lost	573	0.400719	20
lost	572	0.400585	40
lost	571	0.400452	40
lost	570	0.400318	120
win	569	0.400185	174
win	568	0.400051	186
lost	567	0.399918	0
lost	566	0.399785	60
win	565	0.399651	180
lost	564	0.399518	80
lost	563	0.399385	0
lost	562	0.399252	-20
lost	561	0.399119	0
lost	560	0.398986	-40
lost	559	0.398853	-40
lost	558	0.39872	0
lost	557	0.398587	60
lost	556	0.398454	20
lost	555	0.398321	-60
lost	554	0.398188	0
lost	553	0.398056	-40
lost	552	0.397923	0
lost	551	0.39779	60
lost	550	0.397658	-20
lost	549	0.397525	40
lost	548	0.397393	-20
win	547	0.39726	178
lost	546	0.397128	0
lost	545	0.396996	80
lost	544	0.396863	40
lost	543	0.396731	0
lost	542	0.396599	40
lost	541	0.396466	80
lost	540	0.396334	20
lost	539	0.396202	20
lost	538	0.39607	20
lost	537	0.395938	-18
lost	536	0.395806	0
lost	535	0.395674	20
win	534	0.395542	192
lost	533	0.39541	-40
win	532	0.395279	192
lost	531	0.395147	42
lost	530	0.395015	-40
lost	529	0.394884	0
lost	528	0.394752	140
lost	527	0.39462	0
lost	526	0.394489	20
lost	525	0.394357	0
lost	524	0.394226	20
lost	523	0.394094	-20
lost	522	0.393963	40
lost	521	0.393832	-40
lost	520	0.3937	0
lost	519	0.393569	-20
win	518	0.393438	174
lost	517	0.393307	-40
lost	516	0.393176	-20
lost	515	0.393045	-20
lost	514	0.392914	120
lost	513	0.392783	20
lost	512	0.392652	20
lost	511	0.392521	0
lost	510	0.39239	0
lost	509	0.392259	-40
lost	508	0.392129	80
win	507	0.391998	160
lost	506	0.391867	80
lost	505	0.391737	0
lost	504	0.391606	-40
lost	503	0.391475	40
lost	502	0.391345	0
win	501	0.391214	180
lost	500	0.391084	40
lost	499	0.390954	-40
lost	498	0.390823	40
lost	497	0.390693	20
lost	496	0.390563	-20
lost	495	0.390433	-20
lost	494	0.390303	0
lost	493	0.390172	0
lost	492	0.390042	-40
lost	491	0.389912	40
lost	490	0.389782	20
lost	489	0.389652	-20
lost	488	0.389523	0
lost	487	0.389393	-20
lost	486	0.389263	140
win	485	0.389133	180
lost	484	0.389003	40
lost	483	0.388874	0
lost	482	0.388744	40
lost	481	0.388615	40
lost	480	0.388485	-20
lost	479	0.388356	120
lost	478	0.388226	-20
lost	477	0.388097	20
lost	476	0.387967	0
lost	475	0.387838	40
win	474	0.387709	174
win	473	0.38758	174
win	472	0.38745	162
win	471	0.387321	192
lost	470	0.387192	0
lost	469	0.387063	60
lost	468	0.386934	80
win	467	0.386805	192
lost	466	0.386676	80
lost	465	0.386547	60
win	464	0.386418	186
lost	463	0.38629	-32
win	462	0.386161	160
lost	461	0.386032	-20
lost	460	0.385903	-40
lost	459	0.385775	20
lost	458	0.385646	40
lost	457	0.385518	40
win	456	0.385389	168
lost	455	0.385261	-20
win	454	0.385132	198
lost	453	0.385004	-40
lost	452	0.384875	120
lost	451	0.384747	0
lost	450	0.384619	100
lost	449	0.384491	100
lost	448	0.384363	80
win	447	0.384234	198
lost	446	0.384106	20
win	445	0.383978	186
win	444	0.38385	180
lost	443	0.383722	0
lost	442	0.383594	20
lost	441	0.383467	20
win	440	0.383339	216
win	439	0.383211	162
lost	438	0.383083	0
lost	437	0.382956	-40
lost	436	0.382828	62
win	435	0.3827	0
win	434	0.382573	198
win	433	0.382445	180
lost	432	0.382318	-20
win	431	0.38219	0
win	430	0.382063	216
win	429	0.381936	186
lost	428	0.381808	-20
lost	427	0.381681	-20
win	426	0.381554	174
win	425	0.381427	180
win	424	0.381299	178
win	423	0.381172	162
lost	422	0.381045	0
win	421	0.380918	162
lost	420	0.380791	120
lost	419	0.380664	0
win	418	0.380537	174
lost	417	0.380411	20
win	416	0.380284	204
lost	415	0.380157	0
lost	414	0.38003	-20
lost	413	0.379904	0
win	412	0.379777	162
lost	411	0.37965	40
lost	410	0.379524	-20
lost	409	0.379397	80
win	408	0.379271	162
lost	407	0.379144	120
lost	406	0.379018	-40
win	405	0.378892	162
lost	404	0.378765	-40
lost	403	0.378639	0
lost	402	0.378513	0
lost	401	0.378387	-20
lost	400	0.378261	0
lost	399	0.378135	0
lost	398	0.378009	60
lost	397	0.377883	20
lost	396	0.377757	0
lost	395	0.377631	-20
lost	394	0.377505	40
lost	393	0.377379	-40
lost	392	0.377253	40
lost	391	0.377127	0
lost	390	0.377002	-20
lost	389	0.376876	40
lost	388	0.37675	120
lost	387	0.376625	-40
lost	386	0.376499	-20
lost	385	0.376374	20
lost	384	0.376248	40
lost	383	0.376123	-20
lost	382	0.375998	-20
lost	381	0.375872	60
lost	380	0.375747	0
lost	379	0.375622	100
lost	378	0.375496	-20
lost	377	0.375371	20
lost	376	0.375246	-20
lost	375	0.375121	0
lost	374	0.374996	0
win	373	0.374871	168
win	372	0.374746	180
lost	371	0.374621	120
lost	370	0.374496	0
lost	369	0.374371	60
lost	368	0.374247	20
lost	367	0.374122	-20
win	366	0.373997	204
win	365	0.373873	186
lost	364	0.373748	102
lost	363	0.373623	60
lost	362	0.373499	-40
win	361	0.373374	0
win	360	0.37325	162
lost	359	0.373125	0
win	358	0.373001	180
lost	357	0.372877	40
lost	356	0.372752	-40
lost	355	0.372628	40
lost	354	0.372504	40
lost	353	0.37238	0
lost	352	0.372256	60
lost	351	0.372132	40
lost	350	0.372008	0
lost	349	0.371884	0
lost	348	0.37176	-40
lost	347	0.371636	40
lost	346	0.371512	0
lost	345	0.371388	60
lost	344	0.371264	20
lost	343	0.37114	62
lost	342	0.371017	0
lost	341	0.370893	0
lost	340	0.370769	0
lost	339	0.370646	40
lost	338	0.370522	0
lost	337	0.370399	-20
lost	336	0.370275	-40
win	335	0.370152	174
win	334	0.370028	192
lost	333	0.369905	-20
lost	332	0.369782	80
lost	331	0.369659	60
lost	330	0.369535	40
lost	329	0.369412	120
lost	328	0.369289	20
lost	327	0.369166	-20
lost	326	0.369043	0
lost	325	0.36892	120
lost	324	0.368797	0
lost	323	0.368674	20
lost	322	0.368551	40
win	321	0.368428	180
win	320	0.368305	162
win	319	0.368183	174
lost	318	0.36806	60
win	317	0.367937	186
lost	316	0.367815	20
lost	315	0.367692	80
win	314	0.367569	198
lost	313	0.367447	60
win	312	0.367324	192
lost	311	0.367202	80
lost	310	0.36708	40
lost	309	0.366957	0
lost	308	0.366835	20
win	307	0.366713	168
lost	306	0.36659	120
win	305	0.366468	186
lost	304	0.366346	120
win	303	0.366224	180
lost	302	0.366102	100
win	301	0.36598	168
win	300	0.365858	192
lost	299	0.365736	60
lost	298	0.365614	0
win	297	0.365492	192
lost	296	0.36537	0
lost	295	0.365248	0
lost	294	0.365127	-38
lost	293	0.365005	-20
lost	292	0.364883	20
lost	291	0.364762	-40
lost	290	0.36464	-20
lost	289	0.364519	-20
lost	288	0.364397	0
lost	287	0.364276	140
lost	286	0.364154	100
lost	285	0.364033	80
lost	284	0.363911	40
lost	283	0.36379	-40
lost	282	0.363669	-20
lost	281	0.363548	-20
lost	280	0.363426	0
lost	279	0.363305	-40
lost	278	0.363184	-20
win	277	0.363063	162
lost	276	0.362942	40
lost	275	0.362821	-20
win	274	0.3627	186
lost	273	0.362579	100
lost	272	0.362458	120
lost	271	0.362338	100
lost	270	0.362217	100
lost	269	0.362096	80
lost	268	0.361975	0
lost	267	0.361855	120
lost	266	0.361734	40
lost	265	0.361614	0
lost	264	0.361493	-20
lost	263	0.361373	-20
lost	262	0.361252	0
lost	261	0.361132	0
lost	260	0.361011	20
lost	259	0.360891	-20
lost	258	0.360771	100
lost	257	0.36065	20
lost	256	0.36053	0
lost	255	0.36041	-20
lost	254	0.36029	20
lost	253	0.36017	60
lost	252	0.36005	-40
lost	251	0.35993	0
lost	250	0.35981	40
lost	249	0.35969	0
win	248	0.35957	192
lost	247	0.35945	0
lost	246	0.35933	60
win	245	0.35921	162
lost	244	0.359091	40
lost	243	0.358971	80
lost	242	0.358851	20
lost	241	0.358732	40
lost	240	0.358612	-40
lost	239	0.358493	100
lost	238	0.358373	0
lost	237	0.358254	0
lost	236	0.358134	-20
lost	235	0.358015	-20
lost	234	0.357896	20
lost	233	0.357776	0
lost	232	0.357657	-20
lost	231	0.357538	60
lost	230	0.357419	40
lost	229	0.357299	-40
lost	228	0.35718	0
lost	227	0.357061	0
win	226	0.356942	190
lost	225	0.356823	0
lost	224	0.356704	20
win	223	0.356585	174
win	222	0.356467	174
lost	221	0.356348	-20
lost	220	0.356229	-20
lost	219	0.35611	0
lost	218	0.355991	40
lost	217	0.355873	0
lost	216	0.355754	0
lost	215	0.355636	102
lost	214	0.355517	100
lost	213	0.355399	40
win	212	0.35528	178
lost	211	0.355162	40
lost	210	0.355043	0
lost	209	0.354925	140
lost	208	0.354807	60
lost	207	0.354688	0
lost	206	0.35457	0
lost	205	0.354452	0
lost	204	0.354334	120
win	203	0.354216	160
lost	202	0.354098	0
lost	201	0.35398	20
lost	200	0.353862	-20
win	199	0.353744	162
win	198	0.353626	168
win	197	0.353508	186
lost	196	0.35339	40
lost	195	0.353272	0
win	194	0.353154	162
lost	193	0.353037	60
lost	192	0.352919	100
lost	191	0.352801	60
lost	190	0.352684	100
lost	189	0.352566	100
lost	188	0.352449	2
lost	187	0.352331	-20
lost	186	0.352214	0
lost	185	0.352096	0
lost	184	0.351979	-20
lost	183	0.351862	0
lost	182	0.351744	0
lost	181	0.351627	0
lost	180	0.35151	120
lost	179	0.351393	0
win	178	0.351276	198
win	177	0.351159	162
win	176	0.351042	198
lost	175	0.350925	-40
lost	174	0.350808	0
lost	173	0.350691	-40
lost	172	0.350574	80
lost	171	0.350457	80
win	170	0.35034	162
win	169	0.350223	174
win	168	0.350107	186
lost	167	0.34999	120
lost	166	0.349873	0
lost	165	0.349757	0
win	164	0.34964	174
lost	163	0.349523	140
lost	162	0.349407	60
lost	161	0.34929	68
lost	160	0.349174	40
lost	159	0.349058	40
win	158	0.348941	174
win	157	0.348825	180
win	156	0.348709	174
win	155	0.348592	168
lost	154	0.348476	20
lost	153	0.34836	0
lost	152	0.348244	0
lost	151	0.348128	-20
lost	150	0.348012	80
lost	149	0.347896	-18
lost	148	0.34778	20
lost	147	0.347664	-38
lost	146	0.347548	-40
lost	145	0.347432	80
lost	144	0.347316	-20
lost	143	0.347201	20
lost	142	0.347085	0
lost	141	0.346969	-20
lost	140	0.346854	20
lost	139	0.346738	120
lost	138	0.346622	-20
lost	137	0.346507	0
lost	136	0.346391	-20
lost	135	0.346276	120
lost	134	0.34616	-20
lost	133	0.346045	-40
lost	132	0.34593	0
win	131	0.345814	160
lost	130	0.345699	100
lost	129	0.345584	100
win	128	0.345469	168
lost	127	0.345353	-40
win	126	0.345238	162
lost	125	0.345123	100
win	124	0.345008	174
lost	123	0.344893	60
lost	122	0.344778	40
lost	121	0.344663	-20
lost	120	0.344548	-20
lost	119	0.344434	80
win	118	0.344319	174
win	117	0.344204	210
lost	116	0.344089	40
lost	115	0.343975	100
win	114	0.34386	192
win	113	0.343745	180
win	112	0.343631	192
lost	111	0.343516	80
win	110	0.343402	168
lost	109	0.343287	140
lost	108	0.343173	0
lost	107	0.343058	60
win	106	0.342944	162
win	105	0.34283	204
lost	104	0.342715	20
win	103	0.342601	198
lost	102	0.342487	-40
win	101	0.342373	174
lost	100	0.342259	120
lost	99	0.342145	-40
lost	98	0.342031	20
lost	97	0.341917	40
win	96	0.341803	174
win	95	0.341689	198
lost	94	0.341575	100
lost	93	0.341461	0
lost	92	0.341347	100
win	91	0.341233	186
lost	90	0.34112	0
lost	89	0.341006	0
lost	88	0.340892	120
win	87	0.340779	192
lost	86	0.340665	20
win	85	0.340551	180
lost	84	0.340438	-20
lost	83	0.340324	40
lost	82	0.340211	0
lost	81	0.340098	20
win	80	0.339984	192
lost	79	0.339871	120
lost	78	0.339758	-40
lost	77	0.339644	60
lost	76	0.339531	0
lost	75	0.339418	100
lost	74	0.339305	-20
lost	73	0.339192	-40
lost	72	0.339079	20
lost	71	0.338966	-40
win	70	0.338853	162
lost	69	0.33874	40
lost	68	0.338627	60
lost	67	0.338514	-20
lost	66	0.338401	40
lost	65	0.338288	80
win	64	0.338175	162
win	63	0.338063	168
win	62	0.33795	210
lost	61	0.337837	20
lost	60	0.337725	40
lost	59	0.337612	20
lost	58	0.3375	40
win	57	0.337387	192
lost	56	0.337275	60
win	55	0.337162	192
win	54	0.33705	186
win	53	0.336938	198
lost	52	0.336825	20
win	51	0.336713	198
win	50	0.336601	180
win	49	0.336489	216
lost	48	0.336376	-20
lost	47	0.336264	-38
lost	46	0.336152	100
lost	45	0.33604	120
win	44	0.335928	222
lost	43	0.335816	20
lost	42	0.335704	80
win	41	0.335592	162
lost	40	0.33548	60
lost	39	0.335369	0
win	38	0.335257	192
win	37	0.335145	192
win	36	0.335033	210
win	35	0.334922	168
win	34	0.33481	166
win	33	0.334698	168
win	32	0.334587	204
win	31	0.334475	168
lost	30	0.334364	-40
lost	29	0.334252	0
lost	28	0.334141	40
lost	27	0.33403	0
lost	26	0.333918	-40
lost	25	0.333807	20
lost	24	0.333696	-40
lost	23	0.333584	-20
lost	22	0.333473	42
lost	21	0.333362	20
lost	20	0.333251	80
lost	19	0.33314	0
lost	18	0.333029	40
lost	17	0.332918	0
lost	16	0.332807	20
lost	15	0.332696	-20
lost	14	0.332585	-40
lost	13	0.332474	100
lost	12	0.332363	140
lost	11	0.332253	80
win	10	0.332142	186
win	9	0.332031	162
lost	8	0.33192	0
lost	7	0.33181	40
lost	6	0.331699	20
lost	5	0.331589	22
lost	4	0.331478	-20
lost	3	0.331368	-20
lost	2	0.331257	-20
win	1	0.331147	180
