lost	3000	0.9	40
lost	2999	0.8997	-40
lost	2998	0.8994	-20
lost	2997	0.8991	0
lost	2996	0.898801	60
lost	2995	0.898501	-40
lost	2994	0.898201	42
lost	2993	0.897902	100
lost	2992	0.897603	120
lost	2991	0.897304	-40
lost	2990	0.897004	20
lost	2989	0.896705	0
lost	2988	0.896407	20
lost	2987	0.896108	20
lost	2986	0.895809	20
lost	2985	0.89551	0
lost	2984	0.895212	0
lost	2983	0.894914	-40
lost	2982	0.894615	0
lost	2981	0.894317	-40
lost	2980	0.894019	40
lost	2979	0.893721	20
lost	2978	0.893423	0
lost	2977	0.893125	-40
lost	2976	0.892828	-20
lost	2975	0.89253	-20
lost	2974	0.892232	-40
lost	2973	0.891935	20
lost	2972	0.891638	0
lost	2971	0.89134	-40
lost	2970	0.891043	60
lost	2969	0.890746	40
lost	2968	0.890449	80
lost	2967	0.890153	40
lost	2966	0.889856	40
lost	2965	0.889559	20
lost	2964	0.889263	60
lost	2963	0.888966	0
lost	2962	0.88867	0
lost	2961	0.888374	-40
lost	2960	0.888078	120
lost	2959	0.887782	-40
lost	2958	0.887486	20
lost	2957	0.88719	20
lost	2956	0.886894	-40
lost	2955	0.886599	-40
lost	2954	0.886303	-40
lost	2953	0.886008	0
lost	2952	0.885712	20
lost	2951	0.885417	0
lost	2950	0.885122	-20
lost	2949	0.884827	-40
lost	2948	0.884532	-20
lost	2947	0.884237	20
lost	2946	0.883942	60
lost	2945	0.883648	60
lost	2944	0.883353	100
lost	2943	0.883059	-20
lost	2942	0.882764	40
lost	2941	0.88247	-40
lost	2940	0.882176	-40
lost	2939	0.881882	0
lost	2938	0.881588	-20
lost	2937	0.881294	40
lost	2936	0.881	80
lost	2935	0.880707	40
lost	2934	0.880413	-20
lost	2933	0.88012	60
lost	2932	0.879826	100
lost	2931	0.879533	120
lost	2930	0.87924	-40
lost	2929	0.878947	102
lost	2928	0.878654	0
lost	2927	0.878361	40
lost	2926	0.878068	40
lost	2925	0.877775	80
lost	2924	0.877483	-40
lost	2923	0.87719	42
lost	2922	0.876898	-20
lost	2921	0.876605	120
lost	2920	0.876313	0
lost	2919	0.876021	20
lost	2918	0.875729	-40
lost	2917	0.875437	-60
lost	2916	0.875145	-20
win	2915	0.874854	162
lost	2914	0.874562	-20
lost	2913	0.874271	0
lost	2912	0.873979	40
lost	2911	0.873688	-40
lost	2910	0.873397	0
lost	2909	0.873105	60
lost	2908	0.872814	40
lost	2907	0.872524	0
lost	2906	0.872233	0
lost	2905	0.871942	-20
lost	2904	0.871651	20
lost	2903	0.871361	-40
lost	2902	0.87107	20
lost	2901	0.87078	-40
lost	2900	0.87049	120
lost	2899	0.870199	-40
lost	2898	0.869909	-40
lost	2897	0.869619	120
lost	2896	0.86933	0
lost	2895	0.86904	60
lost	2894	0.86875	100
lost	2893	0.868461	0
lost	2892	0.868171	80
lost	2891	0.867882	-40
lost	2890	0.867592	20
lost	2889	0.867303	0
lost	2888	0.867014	120
lost	2887	0.866725	0
lost	2886	0.866436	40
lost	2885	0.866147	20
lost	2884	0.865859	40
lost	2883	0.86557	60
lost	2882	0.865281	-20
lost	2881	0.864993	120
lost	2880	0.864705	-40
lost	2879	0.864416	2
lost	2878	0.864128	0
lost	2877	0.86384	-40
lost	2876	0.863552	40
lost	2875	0.863265	20
lost	2874	0.862977	-40
lost	2873	0.862689	80
lost	2872	0.862402	0
lost	2871	0.862114	20
lost	2870	0.861827	40
lost	2869	0.861539	60
lost	2868	0.861252	-40
lost	2867	0.860965	120
lost	2866	0.860678	60
lost	2865	0.860391	-20
lost	2864	0.860104	20
lost	2863	0.859818	-38
lost	2862	0.859531	-20
lost	2861	0.859245	-40
lost	2860	0.858958	-40
lost	2859	0.858672	-38
lost	2858	0.858386	0
lost	2857	0.8581	140
lost	2856	0.857814	80
lost	2855	0.857528	-40
lost	2854	0.857242	0
lost	2853	0.856956	20
lost	2852	0.85667	60
lost	2851	0.856385	120
lost	2850	0.856099	40
lost	2849	0.855814	40
lost	2848	0.855529	0
lost	2847	0.855244	-40
lost	2846	0.854958	140
lost	2845	0.854673	0
lost	2844	0.854389	-40
lost	2843	0.854104	0
lost	2842	0.853819	40
lost	2841	0.853534	60
lost	2840	0.85325	20
lost	2839	0.852966	0
lost	2838	0.852681	140
lost	2837	0.852397	40
lost	2836	0.852113	-20
lost	2835	0.851829	0
lost	2834	0.851545	0
lost	2833	0.851261	140
lost	2832	0.850977	80
lost	2831	0.850694	60
lost	2830	0.85041	-20
win	2829	0.850127	198
lost	2828	0.849843	-20
lost	2827	0.84956	0
lost	2826	0.849277	22
lost	2825	0.848994	-40
lost	2824	0.848711	0
lost	2823	0.848428	-20
lost	2822	0.848145	-20
lost	2821	0.847862	62
lost	2820	0.84758	2
lost	2819	0.847297	60
lost	2818	0.847015	0
lost	2817	0.846732	0
lost	2816	0.84645	80
lost	2815	0.846168	-40
lost	2814	0.845886	60
lost	2813	0.845604	0
lost	2812	0.845322	60
lost	2811	0.84504	-40
lost	2810	0.844759	20
lost	2809	0.844477	20
lost	2808	0.844195	0
lost	2807	0.843914	40
lost	2806	0.843633	0
lost	2805	0.843352	0
lost	2804	0.84307	80
lost	2803	0.842789	80
lost	2802	0.842509	80
lost	2801	0.842228	62
lost	2800	0.841947	-40
lost	2799	0.841666	20
lost	2798	0.841386	0
lost	2797	0.841105	-20
lost	2796	0.840825	-40
lost	2795	0.840545	20
lost	2794	0.840264	-20
lost	2793	0.839984	-20
lost	2792	0.839704	-40
lost	2791	0.839424	-20
lost	2790	0.839145	-20
lost	2789	0.838865	0
lost	2788	0.838585	-40
lost	2787	0.838306	20
lost	2786	0.838026	0
lost	2785	0.837747	0
lost	2784	0.837468	60
win	2783	0.837189	174
lost	2782	0.83691	-40
lost	2781	0.836631	-20
lost	2780	0.836352	60
lost	2779	0.836073	0
lost	2778	0.835794	40
lost	2777	0.835516	0
lost	2776	0.835237	80
lost	2775	0.834959	0
lost	2774	0.83468	-20
lost	2773	0.834402	140
lost	2772	0.834124	120
lost	2771	0.833846	120
lost	2770	0.833568	60
lost	2769	0.83329	-40
win	2768	0.833012	162
lost	2767	0.832735	60
lost	2766	0.832457	40
lost	2765	0.83218	0
win	2764	0.831902	148
lost	2763	0.831625	-40
lost	2762	0.831348	20
lost	2761	0.831071	-40
lost	2760	0.830794	20
lost	2759	0.830517	-38
lost	2758	0.83024	40
win	2757	0.829963	186
lost	2756	0.829686	-20
lost	2755	0.82941	60
lost	2754	0.829133	40
lost	2753	0.828857	0
lost	2752	0.828581	40
lost	2751	0.828305	0
lost	2750	0.828028	0
lost	2749	0.827752	40
lost	2748	0.827477	100
lost	2747	0.827201	0
lost	2746	0.826925	-40
lost	2745	0.826649	80
lost	2744	0.826374	-40
lost	2743	0.826098	140
lost	2742	0.825823	0
lost	2741	0.825548	-20
lost	2740	0.825273	-40
lost	2739	0.824997	40
lost	2738	0.824722	-20
lost	2737	0.824448	40
lost	2736	0.824173	0
lost	2735	0.823898	80
lost	2734	0.823623	-40
win	2733	0.823349	162
lost	2732	0.823074	20
lost	2731	0.8228	40
lost	2730	0.822526	80
lost	2729	0.822252	40
lost	2728	0.821977	40
lost	2727	0.821703	-40
lost	2726	0.82143	-20
lost	2725	0.821156	40
lost	2724	0.820882	0
lost	2723	0.820608	-40
lost	2722	0.820335	20
lost	2721	0.820061	100
lost	2720	0.819788	-40
lost	2719	0.819515	60
lost	2718	0.819242	-18
lost	2717	0.818969	40
lost	2716	0.818696	0
lost	2715	0.818423	60
lost	2714	0.81815	0
lost	2713	0.817877	60
lost	2712	0.817605	-60
lost	2711	0.817332	-40
lost	2710	0.81706	-20
lost	2709	0.816787	20
lost	2708	0.816515	40
lost	2707	0.816243	40
lost	2706	0.815971	-20
lost	2705	0.815699	-40
lost	2704	0.815427	0
lost	2703	0.815155	0
win	2702	0.814883	180
lost	2701	0.814612	40
lost	2700	0.81434	-40
lost	2699	0.814069	80
lost	2698	0.813797	60
lost	2697	0.813526	60
lost	2696	0.813255	20
lost	2695	0.812984	-38
lost	2694	0.812713	40
lost	2693	0.812442	40
lost	2692	0.812171	-40
lost	2691	0.8119	80
lost	2690	0.81163	-20
lost	2689	0.811359	40
win	2688	0.811089	162
lost	2687	0.810818	80
lost	2686	0.810548	40
lost	2685	0.810278	40
lost	2684	0.810008	-40
lost	2683	0.809738	-40
lost	2682	0.809468	-20
lost	2681	0.809198	20
lost	2680	0.808928	120
lost	2679	0.808659	-20
lost	2678	0.808389	120
lost	2677	0.80812	40
lost	2676	0.80785	0
lost	2675	0.807581	80
lost	2674	0.807312	80
lost	2673	0.807043	0
lost	2672	0.806774	20
lost	2671	0.806505	-38
lost	2670	0.806236	40
lost	2669	0.805967	60
lost	2668	0.805699	0
lost	2667	0.80543	-20
lost	2666	0.805161	0
lost	2665	0.804893	22
lost	2664	0.804625	0
lost	2663	0.804357	-40
lost	2662	0.804088	20
lost	2661	0.80382	100
lost	2660	0.803553	0
lost	2659	0.803285	-40
lost	2658	0.803017	-20
lost	2657	0.802749	120
lost	2656	0.802482	-40
lost	2655	0.802214	0
lost	2654	0.801947	20
win	2653	0.801679	204
lost	2652	0.801412	0
lost	2651	0.801145	40
lost	2650	0.800878	-40
lost	2649	0.800611	0
lost	2648	0.800344	80
lost	2647	0.800077	-60
lost	2646	0.799811	-40
lost	2645	0.799544	0
lost	2644	0.799278	-40
lost	2643	0.799011	-20
lost	2642	0.798745	-40
lost	2641	0.798479	-20
lost	2640	0.798212	20
lost	2639	0.797946	140
lost	2638	0.79768	20
lost	2637	0.797414	0
lost	2636	0.797149	-20
win	2635	0.796883	168
win	2634	0.796617	168
lost	2633	0.796352	100
lost	2632	0.796086	20
lost	2631	0.795821	0
lost	2630	0.795556	60
lost	2629	0.795291	0
lost	2628	0.795025	100
lost	2627	0.79476	-20
lost	2626	0.794495	140
lost	2625	0.794231	0
lost	2624	0.793966	22
lost	2623	0.793701	-40
lost	2622	0.793437	60
lost	2621	0.793172	20
lost	2620	0.792908	120
lost	2619	0.792644	80
lost	2618	0.792379	-40
lost	2617	0.792115	40
lost	2616	0.791851	20
lost	2615	0.791587	0
lost	2614	0.791323	80
lost	2613	0.79106	-40
lost	2612	0.790796	0
lost	2611	0.790532	40
lost	2610	0.790269	80
lost	2609	0.790005	40
lost	2608	0.789742	40
lost	2607	0.789479	60
lost	2606	0.789216	60
lost	2605	0.788953	0
lost	2604	0.78869	60
lost	2603	0.788427	60
lost	2602	0.788164	-20
lost	2601	0.787901	60
lost	2600	0.787638	40
lost	2599	0.787376	0
lost	2598	0.787113	0
lost	2597	0.786851	-20
lost	2596	0.786589	-20
lost	2595	0.786327	40
lost	2594	0.786065	80
lost	2593	0.785802	100
lost	2592	0.785541	40
lost	2591	0.785279	120
lost	2590	0.785017	40
lost	2589	0.784755	40
lost	2588	0.784494	20
lost	2587	0.784232	40
lost	2586	0.783971	80
lost	2585	0.783709	-40
lost	2584	0.783448	-20
lost	2583	0.783187	0
lost	2582	0.782926	40
lost	2581	0.782665	-40
lost	2580	0.782404	20
win	2579	0.782143	160
win	2578	0.781883	174
lost	2577	0.781622	-20
lost	2576	0.781361	-40
lost	2575	0.781101	-20
lost	2574	0.780841	80
lost	2573	0.78058	0
lost	2572	0.78032	0
win	2571	0.78006	198
lost	2570	0.7798	62
lost	2569	0.77954	0
lost	2568	0.77928	-20
lost	2567	0.779021	-40
lost	2566	0.778761	0
lost	2565	0.778501	0
lost	2564	0.778242	-40
lost	2563	0.777982	-20
lost	2562	0.777723	22
lost	2561	0.777464	-20
lost	2560	0.777205	40
lost	2559	0.776946	40
lost	2558	0.776687	20
lost	2557	0.776428	60
lost	2556	0.776169	20
lost	2555	0.77591	-40
lost	2554	0.775651	40
lost	2553	0.775393	82
lost	2552	0.775134	20
lost	2551	0.774876	20
lost	2550	0.774618	20
lost	2549	0.77436	60
lost	2548	0.774101	-40
win	2547	0.773843	174
lost	2546	0.773586	0
lost	2545	0.773328	0
lost	2544	0.77307	-20
win	2543	0.772812	162
lost	2542	0.772555	80
lost	2541	0.772297	-40
lost	2540	0.77204	0
lost	2539	0.771782	0
lost	2538	0.771525	40
lost	2537	0.771268	-40
lost	2536	0.771011	20
lost	2535	0.770754	140
lost	2534	0.770497	-40
win	2533	0.77024	180
lost	2532	0.769983	-20
lost	2531	0.769727	20
lost	2530	0.76947	0
lost	2529	0.769214	20
lost	2528	0.768957	-40
lost	2527	0.768701	40
lost	2526	0.768445	60
lost	2525	0.768188	0
lost	2524	0.767932	80
lost	2523	0.767676	80
lost	2522	0.76742	0
lost	2521	0.767165	-40
lost	2520	0.766909	40
lost	2519	0.766653	120
win	2518	0.766398	160
lost	2517	0.766142	20
win	2516	0.765887	192
win	2515	0.765632	168
lost	2514	0.765376	20
lost	2513	0.765121	0
win	2512	0.764866	168
win	2511	0.764611	186
lost	2510	0.764356	-40
lost	2509	0.764102	120
lost	2508	0.763847	-20
lost	2507	0.763592	-40
lost	2506	0.763338	40
lost	2505	0.763083	100
lost	2504	0.762829	-40
lost	2503	0.762575	20
lost	2502	0.762321	40
lost	2501	0.762066	20
lost	2500	0.761812	0
lost	2499	0.761558	20
lost	2498	0.761305	60
lost	2497	0.761051	80
lost	2496	0.760797	-40
win	2495	0.760544	162
lost	2494	0.76029	-20
lost	2493	0.760037	20
win	2492	0.759783	180
lost	2491	0.75953	60
lost	2490	0.759277	20
lost	2489	0.759024	100
lost	2488	0.758771	-20
lost	2487	0.758518	40
lost	2486	0.758265	40
lost	2485	0.758012	-20
lost	2484	0.75776	20
lost	2483	0.757507	-40
lost	2482	0.757254	0
lost	2481	0.757002	40
lost	2480	0.75675	80
lost	2479	0.756497	40
lost	2478	0.756245	40
lost	2477	0.755993	20
lost	2476	0.755741	0
lost	2475	0.755489	20
lost	2474	0.755237	0
lost	2473	0.754986	80
lost	2472	0.754734	40
lost	2471	0.754482	40
lost	2470	0.754231	20
lost	2469	0.75398	-40
lost	2468	0.753728	40
lost	2467	0.753477	20
lost	2466	0.753226	80
lost	2465	0.752975	80
lost	2464	0.752724	100
lost	2463	0.752473	120
lost	2462	0.752222	40
lost	2461	0.751971	0
win	2460	0.751721	192
lost	2459	0.75147	0
lost	2458	0.75122	-40
lost	2457	0.750969	60
lost	2456	0.750719	40
lost	2455	0.750469	140
lost	2454	0.750218	40
lost	2453	0.749968	0
lost	2452	0.749718	-40
lost	2451	0.749468	0
lost	2450	0.749219	120
lost	2449	0.748969	-20
lost	2448	0.748719	40
lost	2447	0.74847	-40
lost	2446	0.74822	20
lost	2445	0.747971	60
lost	2444	0.747721	20
win	2443	0.747472	154
lost	2442	0.747223	60
lost	2441	0.746974	0
lost	2440	0.746725	120
lost	2439	0.746476	60
lost	2438	0.746227	0
lost	2437	0.745979	140
lost	2436	0.74573	20
lost	2435	0.745481	80
lost	2434	0.745233	80
lost	2433	0.744984	40
win	2432	0.744736	174
lost	2431	0.744488	20
lost	2430	0.74424	-40
lost	2429	0.743992	22
win	2428	0.743744	162
lost	2427	0.743496	0
lost	2426	0.743248	-40
lost	2425	0.743	-20
lost	2424	0.742752	0
lost	2423	0.742505	80
lost	2422	0.742257	40
lost	2421	0.74201	40
lost	2420	0.741763	20
lost	2419	0.741515	40
lost	2418	0.741268	-40
lost	2417	0.741021	0
lost	2416	0.740774	100
lost	2415	0.740527	-20
lost	2414	0.74028	142
lost	2413	0.740034	20
lost	2412	0.739787	40
lost	2411	0.73954	0
lost	2410	0.739294	0
lost	2409	0.739047	60
lost	2408	0.738801	0
lost	2407	0.738555	62
lost	2406	0.738308	-40
lost	2405	0.738062	-20
lost	2404	0.737816	0
lost	2403	0.73757	120
win	2402	0.737325	174
lost	2401	0.737079	120
lost	2400	0.736833	60
lost	2399	0.736587	-40
lost	2398	0.736342	0
lost	2397	0.736097	-40
lost	2396	0.735851	20
lost	2395	0.735606	-40
lost	2394	0.735361	100
lost	2393	0.735116	120
lost	2392	0.734871	-20
lost	2391	0.734626	120
lost	2390	0.734381	0
lost	2389	0.734136	-40
lost	2388	0.733891	0
win	2387	0.733647	174
lost	2386	0.733402	40
lost	2385	0.733158	20
lost	2384	0.732913	20
lost	2383	0.732669	-40
lost	2382	0.732425	-40
lost	2381	0.73218	60
lost	2380	0.731936	80
lost	2379	0.731692	80
lost	2378	0.731449	-20
lost	2377	0.731205	0
lost	2376	0.730961	-40
lost	2375	0.730717	0
lost	2374	0.730474	120
lost	2373	0.73023	40
lost	2372	0.729987	20
lost	2371	0.729744	0
lost	2370	0.7295	-20
lost	2369	0.729257	-20
lost	2368	0.729014	-18
lost	2367	0.728771	40
lost	2366	0.728528	-20
win	2365	0.728285	174
lost	2364	0.728042	-40
lost	2363	0.7278	-40
lost	2362	0.727557	80
lost	2361	0.727315	80
lost	2360	0.727072	60
lost	2359	0.72683	80
lost	2358	0.726588	100
lost	2357	0.726345	-40
lost	2356	0.726103	-40
lost	2355	0.725861	-20
lost	2354	0.725619	0
lost	2353	0.725377	-20
lost	2352	0.725136	100
lost	2351	0.724894	100
win	2350	0.724652	180
win	2349	0.724411	180
win	2348	0.724169	0
lost	2347	0.723928	60
lost	2346	0.723687	0
lost	2345	0.723445	-40
lost	2344	0.723204	20
lost	2343	0.722963	0
lost	2342	0.722722	0
lost	2341	0.722481	-40
win	2340	0.72224	168
lost	2339	0.722	-40
lost	2338	0.721759	-40
lost	2337	0.721518	0
lost	2336	0.721278	-40
lost	2335	0.721037	80
lost	2334	0.720797	40
lost	2333	0.720557	0
lost	2332	0.720317	0
win	2331	0.720077	204
lost	2330	0.719837	-20
win	2329	0.719597	160
lost	2328	0.719357	-40
lost	2327	0.719117	-40
lost	2326	0.718877	0
lost	2325	0.718638	20
lost	2324	0.718398	20
lost	2323	0.718159	40
lost	2322	0.717919	80
win	2321	0.71768	192
lost	2320	0.717441	120
win	2319	0.717202	168
lost	2318	0.716962	20
win	2317	0.716724	168
lost	2316	0.716485	0
lost	2315	0.716246	-40
lost	2314	0.716007	0
lost	2313	0.715768	140
lost	2312	0.71553	140
lost	2311	0.715291	80
lost	2310	0.715053	100
lost	2309	0.714814	20
win	2308	0.714576	192
lost	2307	0.714338	60
lost	2306	0.7141	0
lost	2305	0.713862	102
lost	2304	0.713624	20
lost	2303	0.713386	0
lost	2302	0.713148	40
lost	2301	0.712911	40
lost	2300	0.712673	0
lost	2299	0.712435	0
lost	2298	0.712198	40
lost	2297	0.71196	-40
lost	2296	0.711723	60
lost	2295	0.711486	100
lost	2294	0.711249	100
lost	2293	0.711012	60
lost	2292	0.710775	60
lost	2291	0.710538	100
lost	2290	0.710301	-40
lost	2289	0.710064	0
lost	2288	0.709827	60
lost	2287	0.709591	120
lost	2286	0.709354	140
lost	2285	0.709118	-20
lost	2284	0.708881	20
lost	2283	0.708645	-20
lost	2282	0.708409	80
lost	2281	0.708173	0
lost	2280	0.707937	0
lost	2279	0.707701	100
lost	2278	0.707465	0
lost	2277	0.707229	80
lost	2276	0.706993	0
lost	2275	0.706758	-20
lost	2274	0.706522	0
lost	2273	0.706287	100
lost	2272	0.706051	100
lost	2271	0.705816	20
lost	2270	0.70558	120
lost	2269	0.705345	20
lost	2268	0.70511	40
lost	2267	0.704875	40
lost	2266	0.70464	-20
lost	2265	0.704405	-40
lost	2264	0.704171	22
lost	2263	0.703936	8
lost	2262	0.703701	2
win	2261	0.703467	192
lost	2260	0.703232	80
lost	2259	0.702998	22
lost	2258	0.702763	0
lost	2257	0.702529	40
lost	2256	0.702295	100
lost	2255	0.702061	0
lost	2254	0.701827	60
lost	2253	0.701593	100
lost	2252	0.701359	60
lost	2251	0.701125	20
win	2250	0.700891	174
lost	2249	0.700658	20
lost	2248	0.700424	0
lost	2247	0.700191	40
lost	2246	0.699957	20
lost	2245	0.699724	-40
lost	2244	0.699491	-40
lost	2243	0.699258	22
lost	2242	0.699025	80
lost	2241	0.698792	80
lost	2240	0.698559	-20
lost	2239	0.698326	140
win	2238	0.698093	204
lost	2237	0.69786	0
lost	2236	0.697628	-20
lost	2235	0.697395	0
win	2234	0.697163	168
lost	2233	0.69693	40
lost	2232	0.696698	0
lost	2231	0.696466	40
lost	2230	0.696234	0
lost	2229	0.696002	-40
win	2228	0.69577	162
lost	2227	0.695538	102
lost	2226	0.695306	-40
lost	2225	0.695074	-40
lost	2224	0.694842	-38
lost	2223	0.694611	0
lost	2222	0.694379	40
lost	2221	0.694148	40
lost	2220	0.693916	0
lost	2219	0.693685	40
lost	2218	0.693454	60
lost	2217	0.693223	0
lost	2216	0.692992	0
lost	2215	0.692761	140
lost	2214	0.69253	0
win	2213	0.692299	174
win	2212	0.692068	180
lost	2211	0.691837	40
win	2210	0.691607	186
lost	2209	0.691376	0
lost	2208	0.691146	80
lost	2207	0.690915	-20
win	2206	0.690685	162
lost	2205	0.690455	40
win	2204	0.690225	174
lost	2203	0.689995	80
win	2202	0.689765	0
lost	2201	0.689535	20
lost	2200	0.689305	20
lost	2199	0.689075	-20
lost	2198	0.688845	80
lost	2197	0.688616	40
lost	2196	0.688386	40
lost	2195	0.688157	-40
lost	2194	0.687927	-20
lost	2193	0.687698	0
lost	2192	0.687469	-20
lost	2191	0.68724	-20
lost	2190	0.687011	60
lost	2189	0.686782	80
lost	2188	0.686553	-40
lost	2187	0.686324	20
lost	2186	0.686095	80
lost	2185	0.685866	0
lost	2184	0.685638	60
lost	2183	0.685409	60
lost	2182	0.685181	-40
lost	2181	0.684952	-40
lost	2180	0.684724	100
lost	2179	0.684496	60
lost	2178	0.684268	0
win	2177	0.68404	174
win	2176	0.683812	204
lost	2175	0.683584	120
lost	2174	0.683356	22
lost	2173	0.683128	0
win	2172	0.6829	210
lost	2171	0.682673	102
win	2170	0.682445	0
lost	2169	0.682218	20
lost	2168	0.68199	40
lost	2167	0.681763	20
lost	2166	0.681536	40
lost	2165	0.681308	20
lost	2164	0.681081	40
lost	2163	0.680854	62
lost	2162	0.680627	60
lost	2161	0.6804	40
lost	2160	0.680174	80
lost	2159	0.679947	-20
win	2158	0.67972	192
lost	2157	0.679494	40
lost	2156	0.679267	40
lost	2155	0.679041	20
lost	2154	0.678814	20
lost	2153	0.678588	40
lost	2152	0.678362	60
lost	2151	0.678136	20
lost	2150	0.67791	20
lost	2149	0.677684	40
lost	2148	0.677458	0
lost	2147	0.677232	80
win	2146	0.677006	186
lost	2145	0.676781	80
lost	2144	0.676555	40
win	2143	0.67633	216
lost	2142	0.676104	-20
lost	2141	0.675879	0
lost	2140	0.675653	60
lost	2139	0.675428	20
lost	2138	0.675203	140
lost	2137	0.674978	-40
lost	2136	0.674753	0
lost	2135	0.674528	20
lost	2134	0.674303	0
lost	2133	0.674079	100
lost	2132	0.673854	80
lost	2131	0.673629	-40
win	2130	0.673405	160
lost	2129	0.67318	120
lost	2128	0.672956	40
lost	2127	0.672731	0
lost	2126	0.672507	20
lost	2125	0.672283	120
lost	2124	0.672059	20
lost	2123	0.671835	0
lost	2122	0.671611	-20
lost	2121	0.671387	40
lost	2120	0.671163	-40
lost	2119	0.67094	80
lost	2118	0.670716	-40
lost	2117	0.670492	-20
lost	2116	0.670269	140
lost	2115	0.670045	-40
lost	2114	0.669822	20
win	2113	0.669599	192
lost	2112	0.669376	0
lost	2111	0.669153	-20
lost	2110	0.668929	0
lost	2109	0.668707	20
lost	2108	0.668484	40
lost	2107	0.668261	0
lost	2106	0.668038	0
lost	2105	0.667815	60
lost	2104	0.667593	40
lost	2103	0.66737	0
lost	2102	0.667148	0
lost	2101	0.666925	60
lost	2100	0.666703	100
lost	2099	0.666481	40
lost	2098	0.666259	20
lost	2097	0.666037	-40
lost	2096	0.665815	-40
lost	2095	0.665593	-40
lost	2094	0.665371	100
lost	2093	0.665149	20
lost	2092	0.664927	-40
win	2091	0.664706	162
lost	2090	0.664484	40
lost	2089	0.664263	0
lost	2088	0.664041	-40
lost	2087	0.66382	-40
lost	2086	0.663599	0
lost	2085	0.663377	-20
lost	2084	0.663156	-18
lost	2083	0.662935	40
lost	2082	0.662714	0
lost	2081	0.662493	0
lost	2080	0.662272	20
lost	2079	0.662052	40
lost	2078	0.661831	40
lost	2077	0.66161	60
lost	2076	0.66139	0
lost	2075	0.661169	20
lost	2074	0.660949	60
lost	2073	0.660729	20
lost	2072	0.660508	-40
win	2071	0.660288	192
lost	2070	0.660068	-40
lost	2069	0.659848	20
lost	2068	0.659628	20
lost	2067	0.659408	-40
lost	2066	0.659188	40
win	2065	0.658969	168
lost	2064	0.658749	20
lost	2063	0.65853	120
lost	2062	0.65831	-40
lost	2061	0.658091	20
lost	2060	0.657871	80
lost	2059	0.657652	0
lost	2058	0.657433	-40
lost	2057	0.657214	140
lost	2056	0.656994	40
lost	2055	0.656775	100
lost	2054	0.656557	0
lost	2053	0.656338	80
win	2052	0.656119	160
win	2051	0.6559	174
lost	2050	0.655682	80
lost	2049	0.655463	40
lost	2048	0.655245	80
lost	2047	0.655026	-20
lost	2046	0.654808	20
win	2045	0.65459	168
lost	2044	0.654371	-40
lost	2043	0.654153	20
lost	2042	0.653935	60
lost	2041	0.653717	80
lost	2040	0.653499	-20
lost	2039	0.653281	-20
lost	2038	0.653064	0
win	2037	0.652846	204
lost	2036	0.652628	-20
lost	2035	0.652411	20
lost	2034	0.652193	80
lost	2033	0.651976	40
lost	2032	0.651759	20
lost	2031	0.651541	20
lost	2030	0.651324	-40
lost	2029	0.651107	-60
lost	2028	0.65089	0
lost	2027	0.650673	20
lost	2026	0.650456	20
lost	2025	0.650239	40
lost	2024	0.650023	80
lost	2023	0.649806	40
win	2022	0.649589	168
lost	2021	0.649373	40
lost	2020	0.649156	40
lost	2019	0.64894	140
win	2018	0.648724	162
lost	2017	0.648507	20
lost	2016	0.648291	80
lost	2015	0.648075	100
lost	2014	0.647859	100
lost	2013	0.647643	0
lost	2012	0.647427	40
lost	2011	0.647212	60
lost	2010	0.646996	0
lost	2009	0.64678	20
lost	2008	0.646565	20
lost	2007	0.646349	20
lost	2006	0.646134	140
lost	2005	0.645918	-40
lost	2004	0.645703	20
lost	2003	0.645488	100
lost	2002	0.645272	100
lost	2001	0.645057	0
lost	2000	0.644842	0
lost	1999	0.644627	20
lost	1998	0.644413	120
lost	1997	0.644198	0
lost	1996	0.643983	-20
lost	1995	0.643768	40
lost	1994	0.643554	-40
lost	1993	0.643339	120
lost	1992	0.643125	40
lost	1991	0.64291	-20
lost	1990	0.642696	0
lost	1989	0.642482	-40
win	1988	0.642268	162
lost	1987	0.642054	-40
lost	1986	0.64184	-40
lost	1985	0.641626	20
lost	1984	0.641412	-40
win	1983	0.641198	174
win	1982	0.640984	186
lost	1981	0.640771	-20
lost	1980	0.640557	100
lost	1979	0.640343	0
lost	1978	0.64013	20
lost	1977	0.639917	80
win	1976	0.639703	162
lost	1975	0.63949	-40
lost	1974	0.639277	40
lost	1973	0.639064	40
lost	1972	0.638851	60
win	1971	0.638638	186
lost	1970	0.638425	20
lost	1969	0.638212	80
lost	1968	0.637999	100
lost	1967	0.637787	62
lost	1966	0.637574	22
lost	1965	0.637362	-20
win	1964	0.637149	160
lost	1963	0.636937	120
lost	1962	0.636725	0
lost	1961	0.636512	-40
lost	1960	0.6363	100
lost	1959	0.636088	0
lost	1958	0.635876	100
lost	1957	0.635664	0
lost	1956	0.635452	40
lost	1955	0.63524	22
lost	1954	0.635029	-40
lost	1953	0.634817	40
lost	1952	0.634605	-40
lost	1951	0.634394	0
lost	1950	0.634182	22
lost	1949	0.633971	0
lost	1948	0.63376	140
lost	1947	0.633548	20
win	1946	0.633337	204
lost	1945	0.633126	80
lost	1944	0.632915	120
win	1943	0.632704	162
lost	1942	0.632493	60
lost	1941	0.632282	0
lost	1940	0.632072	0
lost	1939	0.631861	-40
lost	1938	0.63165	80
lost	1937	0.63144	20
win	1936	0.631229	174
lost	1935	0.631019	20
lost	1934	0.630808	-20
lost	1933	0.630598	40
lost	1932	0.630388	0
lost	1931	0.630178	-40
lost	1930	0.629968	60
lost	1929	0.629758	20
lost	1928	0.629548	-40
lost	1927	0.629338	22
lost	1926	0.629128	-40
lost	1925	0.628919	40
lost	1924	0.628709	140
lost	1923	0.628499	-40
lost	1922	0.62829	40
lost	1921	0.62808	60
lost	1920	0.627871	-40
lost	1919	0.627662	-20
lost	1918	0.627453	100
lost	1917	0.627243	-20
lost	1916	0.627034	100
lost	1915	0.626825	0
lost	1914	0.626616	20
lost	1913	0.626407	-20
lost	1912	0.626199	100
lost	1911	0.62599	40
lost	1910	0.625781	-40
win	1909	0.625573	162
lost	1908	0.625364	-40
lost	1907	0.625156	20
lost	1906	0.624947	-40
lost	1905	0.624739	0
lost	1904	0.624531	-20
lost	1903	0.624323	100
lost	1902	0.624114	40
lost	1901	0.623906	60
lost	1900	0.623698	-20
win	1899	0.623491	204
lost	1898	0.623283	140
lost	1897	0.623075	-20
lost	1896	0.622867	60
lost	1895	0.62266	40
lost	1894	0.622452	40
lost	1893	0.622245	20
lost	1892	0.622037	-20
lost	1891	0.62183	20
lost	1890	0.621623	0
win	1889	0.621415	192
lost	1888	0.621208	40
lost	1887	0.621001	80
lost	1886	0.620794	80
lost	1885	0.620587	-40
lost	1884	0.62038	20
win	1883	0.620174	192
lost	1882	0.619967	80
lost	1881	0.61976	-40
lost	1880	0.619554	60
lost	1879	0.619347	40
lost	1878	0.619141	60
lost	1877	0.618934	80
win	1876	0.618728	162
lost	1875	0.618522	-40
lost	1874	0.618316	140
lost	1873	0.618109	20
win	1872	0.617903	210
lost	1871	0.617697	40
lost	1870	0.617492	40
lost	1869	0.617286	0
lost	1868	0.61708	-40
win	1867	0.616874	174
lost	1866	0.616669	20
lost	1865	0.616463	20
lost	1864	0.616258	80
lost	1863	0.616052	0
lost	1862	0.615847	-40
lost	1861	0.615641	40
lost	1860	0.615436	100
win	1859	0.615231	168
lost	1858	0.615026	-20
lost	1857	0.614821	0
lost	1856	0.614616	-20
lost	1855	0.614411	140
lost	1854	0.614206	40
lost	1853	0.614002	-40
lost	1852	0.613797	120
lost	1851	0.613592	40
lost	1850	0.613388	140
lost	1849	0.613183	100
win	1848	0.612979	174
lost	1847	0.612775	60
lost	1846	0.61257	20
lost	1845	0.612366	0
win	1844	0.612162	180
lost	1843	0.611958	80
lost	1842	0.611754	-20
lost	1841	0.61155	0
lost	1840	0.611346	100
win	1839	0.611143	180
lost	1838	0.610939	0
lost	1837	0.610735	20
lost	1836	0.610532	-40
lost	1835	0.610328	60
lost	1834	0.610125	-20
lost	1833	0.609921	-40
lost	1832	0.609718	120
lost	1831	0.609515	100
lost	1830	0.609312	-40
lost	1829	0.609108	40
lost	1828	0.608905	20
lost	1827	0.608702	20
lost	1826	0.6085	120
lost	1825	0.608297	120
lost	1824	0.608094	0
lost	1823	0.607891	40
lost	1822	0.607689	0
lost	1821	0.607486	0
win	1820	0.607284	162
lost	1819	0.607081	-40
lost	1818	0.606879	20
win	1817	0.606676	186
lost	1816	0.606474	-20
lost	1815	0.606272	-20
lost	1814	0.60607	20
lost	1813	0.605868	100
lost	1812	0.605666	-20
lost	1811	0.605464	40
lost	1810	0.605262	20
lost	1809	0.605061	0
win	1808	0.604859	210
lost	1807	0.604657	40
lost	1806	0.604456	0
lost	1805	0.604254	80
win	1804	0.604053	168
lost	1803	0.603851	-20
lost	1802	0.60365	0
lost	1801	0.603449	40
win	1800	0.603248	192
lost	1799	0.603047	0
lost	1798	0.602846	20
lost	1797	0.602645	40
lost	1796	0.602444	80
lost	1795	0.602243	-40
win	1794	0.602042	192
lost	1793	0.601842	0
lost	1792	0.601641	120
lost	1791	0.60144	60
lost	1790	0.60124	20
lost	1789	0.60104	-20
lost	1788	0.600839	-40
lost	1787	0.600639	0
lost	1786	0.600439	60
lost	1785	0.600239	-40
lost	1784	0.600039	-40
lost	1783	0.599839	-60
lost	1782	0.599639	120
lost	1781	0.599439	-40
lost	1780	0.599239	40
lost	1779	0.599039	80
lost	1778	0.598839	60
win	1777	0.59864	0
lost	1776	0.59844	20
lost	1775	0.598241	40
lost	1774	0.598041	0
win	1773	0.597842	180
win	1772	0.597643	198
win	1771	0.597444	142
lost	1770	0.597244	0
lost	1769	0.597045	40
lost	1768	0.596846	-20
lost	1767	0.596647	60
lost	1766	0.596448	0
lost	1765	0.59625	140
lost	1764	0.596051	0
win	1763	0.595852	154
win	1762	0.595654	174
lost	1761	0.595455	-40
lost	1760	0.595257	120
lost	1759	0.595058	80
win	1758	0.59486	162
lost	1757	0.594662	20
win	1756	0.594463	174
lost	1755	0.594265	2
lost	1754	0.594067	-20
lost	1753	0.593869	140
lost	1752	0.593671	100
lost	1751	0.593473	20
lost	1750	0.593275	-40
lost	1749	0.593078	60
lost	1748	0.59288	100
lost	1747	0.592682	-40
win	1746	0.592485	198
lost	1745	0.592287	60
win	1744	0.59209	192
lost	1743	0.591892	80
lost	1742	0.591695	-40
lost	1741	0.591498	80
lost	1740	0.591301	0
lost	1739	0.591104	0
lost	1738	0.590907	42
lost	1737	0.59071	40
lost	1736	0.590513	40
lost	1735	0.590316	0
win	1734	0.590119	186
lost	1733	0.589922	-20
lost	1732	0.589726	-20
lost	1731	0.589529	100
lost	1730	0.589333	0
lost	1729	0.589136	40
lost	1728	0.58894	20
lost	1727	0.588744	2
win	1726	0.588547	186
win	1725	0.588351	174
lost	1724	0.588155	20
lost	1723	0.587959	-20
lost	1722	0.587763	-60
lost	1721	0.587567	0
win	1720	0.587371	168
win	1719	0.587175	174
win	1718	0.58698	168
win	1717	0.586784	204
lost	1716	0.586588	-40
lost	1715	0.586393	-40
lost	1714	0.586197	0
win	1713	0.586002	210
lost	1712	0.585807	40
lost	1711	0.585611	0
lost	1710	0.585416	40
lost	1709	0.585221	80
lost	1708	0.585026	40
lost	1707	0.584831	-18
lost	1706	0.584636	0
win	1705	0.584441	162
lost	1704	0.584246	40
win	1703	0.584052	204
win	1702	0.583857	162
win	1701	0.583662	168
lost	1700	0.583468	-20
lost	1699	0.583273	60
lost	1698	0.583079	120
win	1697	0.582884	174
lost	1696	0.58269	40
lost	1695	0.582496	100
lost	1694	0.582302	40
lost	1693	0.582108	20
lost	1692	0.581914	20
lost	1691	0.58172	0
win	1690	0.581526	186
lost	1689	0.581332	80
lost	1688	0.581138	0
lost	1687	0.580944	140
lost	1686	0.580751	0
lost	1685	0.580557	140
win	1684	0.580364	168
lost	1683	0.58017	80
lost	1682	0.579977	100
lost	1681	0.579784	120
lost	1680	0.57959	0
win	1679	0.579397	186
lost	1678	0.579204	40
lost	1677	0.579011	0
lost	1676	0.578818	0
lost	1675	0.578625	120
lost	1674	0.578432	-20
lost	1673	0.578239	0
lost	1672	0.578046	-20
lost	1671	0.577854	-38
lost	1670	0.577661	100
win	1669	0.577469	192
lost	1668	0.577276	0
lost	1667	0.577084	80
lost	1666	0.576891	40
lost	1665	0.576699	0
win	1664	0.576507	160
lost	1663	0.576315	80
lost	1662	0.576123	60
lost	1661	0.575931	40
lost	1660	0.575739	40
lost	1659	0.575547	140
lost	1658	0.575355	20
win	1657	0.575163	204
lost	1656	0.574971	20
lost	1655	0.57478	20
lost	1654	0.574588	0
lost	1653	0.574396	40
lost	1652	0.574205	0
lost	1651	0.574014	40
win	1650	0.573822	162
lost	1649	0.573631	-40
lost	1648	0.57344	60
lost	1647	0.573249	20
lost	1646	0.573058	0
lost	1645	0.572867	40
lost	1644	0.572676	-40
lost	1643	0.572485	80
lost	1642	0.572294	20
lost	1641	0.572103	0
lost	1640	0.571912	0
win	1639	0.571722	180
win	1638	0.571531	162
win	1637	0.571341	192
lost	1636	0.57115	20
lost	1635	0.57096	-40
lost	1634	0.57077	100
lost	1633	0.570579	80
lost	1632	0.570389	40
lost	1631	0.570199	-40
lost	1630	0.570009	60
lost	1629	0.569819	20
lost	1628	0.569629	60
lost	1627	0.569439	80
win	1626	0.569249	168
lost	1625	0.56906	0
lost	1624	0.56887	0
lost	1623	0.56868	80
lost	1622	0.568491	40
win	1621	0.568301	142
lost	1620	0.568112	20
win	1619	0.567922	168
lost	1618	0.567733	20
win	1617	0.567544	168
lost	1616	0.567355	60
lost	1615	0.567165	40
lost	1614	0.566976	40
lost	1613	0.566787	0
win	1612	0.566599	210
lost	1611	0.56641	140
lost	1610	0.566221	0
win	1609	0.566032	168
lost	1608	0.565843	0
lost	1607	0.565655	-40
lost	1606	0.565466	0
lost	1605	0.565278	100
lost	1604	0.565089	120
lost	1603	0.564901	-40
lost	1602	0.564713	0
lost	1601	0.564524	48
win	1600	0.564336	198
lost	1599	0.564148	60
win	1598	0.56396	180
lost	1597	0.563772	60
lost	1596	0.563584	60
lost	1595	0.563396	40
lost	1594	0.563209	40
lost	1593	0.563021	0
win	1592	0.562833	168
win	1591	0.562646	168
lost	1590	0.562458	40
lost	1589	0.56227	-20
lost	1588	0.562083	80
win	1587	0.561896	186
win	1586	0.561708	184
lost	1585	0.561521	100
win	1584	0.561334	162
lost	1583	0.561147	20
lost	1582	0.56096	0
lost	1581	0.560773	100
lost	1580	0.560586	0
win	1579	0.560399	174
lost	1578	0.560212	0
lost	1577	0.560026	40
lost	1576	0.559839	20
lost	1575	0.559652	-40
lost	1574	0.559466	120
lost	1573	0.559279	0
lost	1572	0.559093	0
win	1571	0.558906	180
lost	1570	0.55872	20
lost	1569	0.558534	-40
lost	1568	0.558348	120
win	1567	0.558162	174
win	1566	0.557976	186
lost	1565	0.55779	120
lost	1564	0.557604	80
lost	1563	0.557418	40
lost	1562	0.557232	20
lost	1561	0.557046	20
lost	1560	0.55686	140
lost	1559	0.556675	60
win	1558	0.556489	160
lost	1557	0.556304	-40
lost	1556	0.556118	-20
lost	1555	0.555933	20
lost	1554	0.555748	0
lost	1553	0.555562	40
lost	1552	0.555377	20
win	1551	0.555192	192
lost	1550	0.555007	62
lost	1549	0.554822	100
win	1548	0.554637	180
win	1547	0.554452	168
win	1546	0.554267	204
lost	1545	0.554083	80
lost	1544	0.553898	40
lost	1543	0.553713	-40
lost	1542	0.553529	100
lost	1541	0.553344	80
win	1540	0.55316	168
lost	1539	0.552975	-20
lost	1538	0.552791	120
lost	1537	0.552607	0
lost	1536	0.552423	-20
lost	1535	0.552239	120
lost	1534	0.552054	100
lost	1533	0.55187	20
win	1532	0.551686	162
lost	1531	0.551503	40
lost	1530	0.551319	60
lost	1529	0.551135	40
lost	1528	0.550951	0
lost	1527	0.550768	120
lost	1526	0.550584	40
lost	1525	0.5504	20
lost	1524	0.550217	0
win	1523	0.550034	162
win	1522	0.54985	186
lost	1521	0.549667	20
lost	1520	0.549484	100
win	1519	0.549301	162
lost	1518	0.549117	0
lost	1517	0.548934	140
lost	1516	0.548751	-20
lost	1515	0.548569	20
lost	1514	0.548386	40
lost	1513	0.548203	40
win	1512	0.54802	198
win	1511	0.547837	162
win	1510	0.547655	198
win	1509	0.547472	186
lost	1508	0.54729	80
lost	1507	0.547107	-40
lost	1506	0.546925	100
lost	1505	0.546743	40
lost	1504	0.54656	120
lost	1503	0.546378	0
win	1502	0.546196	174
lost	1501	0.546014	20
lost	1500	0.545832	20
lost	1499	0.54565	80
lost	1498	0.545468	20
lost	1497	0.545286	-40
lost	1496	0.545105	0
lost	1495	0.544923	40
lost	1494	0.544741	-20
lost	1493	0.54456	80
lost	1492	0.544378	102
lost	1491	0.544197	-20
lost	1490	0.544015	40
win	1489	0.543834	186
lost	1488	0.543653	100
win	1487	0.543472	210
lost	1486	0.54329	40
lost	1485	0.543109	0
lost	1484	0.542928	-20
win	1483	0.542747	168
lost	1482	0.542566	20
lost	1481	0.542386	100
lost	1480	0.542205	40
lost	1479	0.542024	140
lost	1478	0.541843	20
lost	1477	0.541663	80
lost	1476	0.541482	60
lost	1475	0.541302	80
lost	1474	0.541121	0
lost	1473	0.540941	0
win	1472	0.540761	174
lost	1471	0.54058	-40
lost	1470	0.5404	140
lost	1469	0.54022	40
lost	1468	0.54004	120
lost	1467	0.53986	60
lost	1466	0.53968	80
win	1465	0.5395	162
lost	1464	0.53932	0
lost	1463	0.53914	40
lost	1462	0.538961	40
lost	1461	0.538781	0
lost	1460	0.538601	140
lost	1459	0.538422	140
lost	1458	0.538242	-40
win	1457	0.538063	174
lost	1456	0.537884	100
lost	1455	0.537704	0
lost	1454	0.537525	40
lost	1453	0.537346	20
lost	1452	0.537167	0
lost	1451	0.536988	80
win	1450	0.536809	168
lost	1449	0.53663	100
win	1448	0.536451	174
lost	1447	0.536272	0
lost	1446	0.536093	40
win	1445	0.535915	174
lost	1444	0.535736	102
lost	1443	0.535557	60
lost	1442	0.535379	40
win	1441	0.535201	180
win	1440	0.535022	162
lost	1439	0.534844	120
lost	1438	0.534665	142
lost	1437	0.534487	80
win	1436	0.534309	148
lost	1435	0.534131	60
lost	1434	0.533953	80
lost	1433	0.533775	-40
win	1432	0.533597	186
win	1431	0.533419	174
lost	1430	0.533241	120
lost	1429	0.533064	40
lost	1428	0.532886	80
lost	1427	0.532708	22
lost	1426	0.532531	80
lost	1425	0.532353	60
lost	1424	0.532176	40
lost	1423	0.531998	60
win	1422	0.531821	0
lost	1421	0.531644	-40
lost	1420	0.531467	0
win	1419	0.531289	186
win	1418	0.531112	162
win	1417	0.530935	174
lost	1416	0.530758	20
win	1415	0.530581	174
lost	1414	0.530405	40
lost	1413	0.530228	60
lost	1412	0.530051	0
lost	1411	0.529874	40
lost	1410	0.529698	60
win	1409	0.529521	180
lost	1408	0.529345	-40
win	1407	0.529168	204
lost	1406	0.528992	80
lost	1405	0.528815	120
lost	1404	0.528639	-40
lost	1403	0.528463	80
lost	1402	0.528287	80
win	1401	0.528111	142
win	1400	0.527935	222
lost	1399	0.527759	60
lost	1398	0.527583	-40
lost	1397	0.527407	20
win	1396	0.527231	180
lost	1395	0.527055	80
win	1394	0.52688	162
lost	1393	0.526704	60
lost	1392	0.526528	100
lost	1391	0.526353	140
lost	1390	0.526178	120
lost	1389	0.526002	80
lost	1388	0.525827	20
lost	1387	0.525652	0
lost	1386	0.525476	-20
lost	1385	0.525301	40
lost	1384	0.525126	42
win	1383	0.524951	162
win	1382	0.524776	186
lost	1381	0.524601	60
lost	1380	0.524426	-20
lost	1379	0.524251	40
lost	1378	0.524077	20
lost	1377	0.523902	40
lost	1376	0.523727	-20
win	1375	0.523553	168
lost	1374	0.523378	40
lost	1373	0.523204	40
lost	1372	0.523029	0
win	1371	0.522855	162
lost	1370	0.522681	-20
lost	1369	0.522507	40
lost	1368	0.522332	120
lost	1367	0.522158	0
lost	1366	0.521984	-20
lost	1365	0.52181	40
lost	1364	0.521636	0
lost	1363	0.521462	20
lost	1362	0.521289	120
lost	1361	0.521115	120
lost	1360	0.520941	-40
lost	1359	0.520767	20
lost	1358	0.520594	20
lost	1357	0.52042	-40
lost	1356	0.520247	0
lost	1355	0.520073	-20
lost	1354	0.5199	80
lost	1353	0.519727	40
lost	1352	0.519554	0
lost	1351	0.51938	20
lost	1350	0.519207	0
lost	1349	0.519034	120
lost	1348	0.518861	140
lost	1347	0.518688	20
lost	1346	0.518515	40
lost	1345	0.518342	-40
lost	1344	0.51817	40
lost	1343	0.517997	0
lost	1342	0.517824	120
win	1341	0.517652	174
lost	1340	0.517479	80
lost	1339	0.517307	80
lost	1338	0.517134	60
lost	1337	0.516962	120
lost	1336	0.516789	20
lost	1335	0.516617	40
lost	1334	0.516445	40
lost	1333	0.516273	40
win	1332	0.516101	186
win	1331	0.515929	186
lost	1330	0.515757	60
lost	1329	0.515585	20
lost	1328	0.515413	80
win	1327	0.515241	192
lost	1326	0.515069	100
lost	1325	0.514898	80
lost	1324	0.514726	100
win	1323	0.514555	174
lost	1322	0.514383	100
win	1321	0.514212	180
lost	1320	0.51404	20
lost	1319	0.513869	40
lost	1318	0.513698	0
lost	1317	0.513526	20
win	1316	0.513355	192
lost	1315	0.513184	60
lost	1314	0.513013	80
win	1313	0.512842	180
lost	1312	0.512671	40
lost	1311	0.5125	-40
lost	1310	0.512329	120
lost	1309	0.512158	-40
lost	1308	0.511988	-40
lost	1307	0.511817	40
lost	1306	0.511647	40
win	1305	0.511476	180
lost	1304	0.511305	80
lost	1303	0.511135	60
win	1302	0.510965	168
lost	1301	0.510794	80
win	1300	0.510624	160
win	1299	0.510454	160
lost	1298	0.510284	40
lost	1297	0.510114	-20
lost	1296	0.509944	20
lost	1295	0.509774	40
lost	1294	0.509604	80
lost	1293	0.509434	60
lost	1292	0.509264	-40
lost	1291	0.509094	80
lost	1290	0.508925	-40
win	1289	0.508755	180
lost	1288	0.508585	20
lost	1287	0.508416	40
win	1286	0.508246	204
lost	1285	0.508077	40
lost	1284	0.507908	40
lost	1283	0.507738	20
win	1282	0.507569	160
lost	1281	0.5074	-40
win	1280	0.507231	174
lost	1279	0.507062	20
win	1278	0.506893	160
win	1277	0.506724	198
lost	1276	0.506555	-40
lost	1275	0.506386	20
lost	1274	0.506217	40
lost	1273	0.506048	80
lost	1272	0.50588	80
lost	1271	0.505711	40
lost	1270	0.505542	40
lost	1269	0.505374	80
lost	1268	0.505205	100
lost	1267	0.505037	-40
win	1266	0.504869	210
win	1265	0.5047	186
lost	1264	0.504532	0
lost	1263	0.504364	120
lost	1262	0.504196	0
lost	1261	0.504028	40
win	1260	0.50386	192
win	1259	0.503692	160
lost	1258	0.503524	2
lost	1257	0.503356	-20
lost	1256	0.503188	0
lost	1255	0.503021	0
win	1254	0.502853	0
lost	1253	0.502685	0
lost	1252	0.502518	40
lost	1251	0.50235	120
lost	1250	0.502183	0
win	1249	0.502015	162
win	1248	0.501848	180
win	1247	0.501681	180
win	1246	0.501514	204
lost	1245	0.501346	20
lost	1244	0.501179	0
lost	1243	0.501012	20
lost	1242	0.500845	0
lost	1241	0.500678	60
win	1240	0.500511	192
lost	1239	0.500345	100
lost	1238	0.500178	40
lost	1237	0.500011	-40
lost	1236	0.499844	102
lost	1235	0.499678	0
lost	1234	0.499511	-20
lost	1233	0.499345	0
lost	1232	0.499178	80
lost	1231	0.499012	140
lost	1230	0.498845	40
lost	1229	0.498679	60
lost	1228	0.498513	40
lost	1227	0.498347	120
lost	1226	0.498181	100
lost	1225	0.498015	80
lost	1224	0.497849	40
lost	1223	0.497683	40
lost	1222	0.497517	-40
lost	1221	0.497351	20
lost	1220	0.497185	-40
lost	1219	0.497019	0
lost	1218	0.496854	80
lost	1217	0.496688	40
lost	1216	0.496523	140
lost	1215	0.496357	40
lost	1214	0.496192	-20
win	1213	0.496026	186
lost	1212	0.495861	60
lost	1211	0.495696	-20
lost	1210	0.49553	-40
lost	1209	0.495365	60
lost	1208	0.4952	40
lost	1207	0.495035	20
lost	1206	0.49487	120
lost	1205	0.494705	0
lost	1204	0.49454	102
lost	1203	0.494375	80
win	1202	0.49421	162
lost	1201	0.494046	22
lost	1200	0.493881	20
lost	1199	0.493716	0
lost	1198	0.493552	120
lost	1197	0.493387	40
lost	1196	0.493223	20
lost	1195	0.493058	80
win	1194	0.492894	210
lost	1193	0.49273	120
lost	1192	0.492566	60
lost	1191	0.492401	0
win	1190	0.492237	168
lost	1189	0.492073	100
lost	1188	0.491909	40
win	1187	0.491745	162
lost	1186	0.491581	60
lost	1185	0.491417	80
lost	1184	0.491254	-40
win	1183	0.49109	198
lost	1182	0.490926	-40
win	1181	0.490763	174
lost	1180	0.490599	20
lost	1179	0.490435	-40
lost	1178	0.490272	0
lost	1177	0.490109	120
lost	1176	0.489945	140
lost	1175	0.489782	60
lost	1174	0.489619	120
lost	1173	0.489455	0
lost	1172	0.489292	60
lost	1171	0.489129	120
lost	1170	0.488966	0
win	1169	0.488803	162
lost	1168	0.48864	40
lost	1167	0.488477	60
lost	1166	0.488314	100
lost	1165	0.488152	0
lost	1164	0.487989	0
lost	1163	0.487826	80
lost	1162	0.487664	40
lost	1161	0.487501	20
lost	1160	0.487339	100
lost	1159	0.487176	40
lost	1158	0.487014	60
lost	1157	0.486851	0
lost	1156	0.486689	40
lost	1155	0.486527	140
lost	1154	0.486365	0
win	1153	0.486203	180
lost	1152	0.486041	0
win	1151	0.485879	180
lost	1150	0.485717	120
lost	1149	0.485555	0
lost	1148	0.485393	40
lost	1147	0.485231	80
win	1146	0.485069	168
lost	1145	0.484908	20
lost	1144	0.484746	100
lost	1143	0.484584	0
lost	1142	0.484423	40
win	1141	0.484261	180
lost	1140	0.4841	20
lost	1139	0.483939	100
win	1138	0.483777	186
lost	1137	0.483616	80
lost	1136	0.483455	60
lost	1135	0.483294	2
lost	1134	0.483133	0
lost	1133	0.482972	20
lost	1132	0.482811	60
win	1131	0.48265	160
lost	1130	0.482489	40
lost	1129	0.482328	-40
lost	1128	0.482167	40
lost	1127	0.482006	20
lost	1126	0.481846	2
lost	1125	0.481685	-40
lost	1124	0.481525	60
lost	1123	0.481364	40
win	1122	0.481204	142
win	1121	0.481043	168
lost	1120	0.480883	-20
lost	1119	0.480723	40
lost	1118	0.480562	20
lost	1117	0.480402	40
lost	1116	0.480242	0
win	1115	0.480082	168
lost	1114	0.479922	80
lost	1113	0.479762	100
lost	1112	0.479602	20
win	1111	0.479442	162
lost	1110	0.479282	0
win	1109	0.479123	204
lost	1108	0.478963	40
lost	1107	0.478803	40
lost	1106	0.478644	100
lost	1105	0.478484	40
lost	1104	0.478325	120
lost	1103	0.478165	20
win	1102	0.478006	160
lost	1101	0.477846	-20
lost	1100	0.477687	140
lost	1099	0.477528	100
win	1098	0.477369	174
win	1097	0.47721	162
lost	1096	0.47705	0
win	1095	0.476891	210
win	1094	0.476732	186
lost	1093	0.476574	120
win	1092	0.476415	192
win	1091	0.476256	160
lost	1090	0.476097	-40
lost	1089	0.475938	0
lost	1088	0.47578	60
lost	1087	0.475621	-40
lost	1086	0.475463	-40
lost	1085	0.475304	0
lost	1084	0.475146	140
win	1083	0.474987	180
win	1082	0.474829	174
lost	1081	0.474671	-40
lost	1080	0.474513	-40
lost	1079	0.474354	60
win	1078	0.474196	174
win	1077	0.474038	180
lost	1076	0.47388	0
lost	1075	0.473722	-40
win	1074	0.473564	192
lost	1073	0.473406	20
win	1072	0.473249	168
lost	1071	0.473091	100
win	1070	0.472933	168
lost	1069	0.472776	-20
lost	1068	0.472618	0
lost	1067	0.47246	100
lost	1066	0.472303	100
lost	1065	0.472146	40
lost	1064	0.471988	100
lost	1063	0.471831	20
lost	1062	0.471674	60
lost	1061	0.471516	80
lost	1060	0.471359	20
lost	1059	0.471202	40
win	1058	0.471045	160
win	1057	0.470888	204
lost	1056	0.470731	-20
lost	1055	0.470574	20
lost	1054	0.470417	60
lost	1053	0.47026	120
lost	1052	0.470104	40
lost	1051	0.469947	140
win	1050	0.46979	162
lost	1049	0.469634	20
lost	1048	0.469477	40
win	1047	0.469321	180
win	1046	0.469164	168
win	1045	0.469008	180
lost	1044	0.468851	100
lost	1043	0.468695	40
lost	1042	0.468539	40
win	1041	0.468383	186
lost	1040	0.468227	80
lost	1039	0.468071	0
lost	1038	0.467915	0
win	1037	0.467759	160
win	1036	0.467603	186
lost	1035	0.467447	40
win	1034	0.467291	0
win	1033	0.467135	180
lost	1032	0.46698	60
win	1031	0.466824	162
lost	1030	0.466668	20
lost	1029	0.466513	20
win	1028	0.466357	192
lost	1027	0.466202	-20
lost	1026	0.466046	80
win	1025	0.465891	180
lost	1024	0.465736	0
lost	1023	0.46558	80
lost	1022	0.465425	40
lost	1021	0.46527	0
lost	1020	0.465115	60
win	1019	0.46496	168
lost	1018	0.464805	140
lost	1017	0.46465	80
lost	1016	0.464495	80
win	1015	0.46434	168
lost	1014	0.464186	20
lost	1013	0.464031	80
lost	1012	0.463876	0
lost	1011	0.463722	20
win	1010	0.463567	168
win	1009	0.463412	180
lost	1008	0.463258	60
lost	1007	0.463104	40
win	1006	0.462949	198
lost	1005	0.462795	120
win	1004	0.462641	192
lost	1003	0.462486	60
win	1002	0.462332	168
lost	1001	0.462178	-40
lost	1000	0.462024	0
lost	999	0.46187	-20
lost	998	0.461716	60
lost	997	0.461562	0
win	996	0.461408	160
lost	995	0.461255	100
lost	994	0.461101	120
lost	993	0.460947	100
lost	992	0.460793	140
win	991	0.46064	180
lost	990	0.460486	40
lost	989	0.460333	0
win	988	0.460179	180
lost	987	0.460026	120
lost	986	0.459873	20
win	985	0.459719	174
lost	984	0.459566	0
lost	983	0.459413	-40
lost	982	0.45926	20
lost	981	0.459107	0
win	980	0.458954	168
lost	979	0.458801	40
lost	978	0.458648	40
lost	977	0.458495	120
win	976	0.458342	198
lost	975	0.458189	0
lost	974	0.458036	20
lost	973	0.457884	60
lost	972	0.457731	20
lost	971	0.457579	122
lost	970	0.457426	-40
lost	969	0.457274	80
lost	968	0.457121	80
lost	967	0.456969	-40
lost	966	0.456816	120
win	965	0.456664	198
lost	964	0.456512	140
win	963	0.45636	162
lost	962	0.456208	20
win	961	0.456056	168
lost	960	0.455904	120
lost	959	0.455752	40
lost	958	0.4556	-20
lost	957	0.455448	40
lost	956	0.455296	0
lost	955	0.455144	140
lost	954	0.454993	-20
lost	953	0.454841	122
win	952	0.454689	180
lost	951	0.454538	20
lost	950	0.454386	62
lost	949	0.454235	60
win	948	0.454083	168
lost	947	0.453932	-40
win	946	0.453781	168
lost	945	0.453629	100
win	944	0.453478	192
lost	943	0.453327	0
lost	942	0.453176	20
lost	941	0.453025	20
win	940	0.452874	198
lost	939	0.452723	40
lost	938	0.452572	80
lost	937	0.452421	-40
lost	936	0.45227	-40
lost	935	0.45212	140
win	934	0.451969	166
lost	933	0.451818	80
win	932	0.451668	180
lost	931	0.451517	80
lost	930	0.451367	0
lost	929	0.451216	60
win	928	0.451066	186
lost	927	0.450915	140
lost	926	0.450765	0
lost	925	0.450615	100
lost	924	0.450465	20
lost	923	0.450314	40
win	922	0.450164	180
lost	921	0.450014	120
lost	920	0.449864	120
lost	919	0.449714	40
lost	918	0.449564	80
lost	917	0.449415	-40
lost	916	0.449265	80
win	915	0.449115	174
win	914	0.448965	168
lost	913	0.448816	60
lost	912	0.448666	80
lost	911	0.448516	0
win	910	0.448367	160
lost	909	0.448217	0
lost	908	0.448068	40
lost	907	0.447919	20
lost	906	0.447769	40
win	905	0.44762	174
lost	904	0.447471	40
lost	903	0.447322	0
lost	902	0.447173	60
win	901	0.447024	162
win	900	0.446875	162
win	899	0.446726	210
win	898	0.446577	174
lost	897	0.446428	80
win	896	0.446279	180
lost	895	0.44613	100
lost	894	0.445982	40
lost	893	0.445833	-20
lost	892	0.445684	80
lost	891	0.445536	80
lost	890	0.445387	0
lost	889	0.445239	40
win	888	0.44509	198
lost	887	0.444942	0
lost	886	0.444794	80
win	885	0.444645	160
lost	884	0.444497	40
lost	883	0.444349	100
lost	882	0.444201	40
lost	881	0.444053	80
win	880	0.443905	210
win	879	0.443757	162
win	878	0.443609	162
lost	877	0.443461	100
win	876	0.443313	162
lost	875	0.443166	120
win	874	0.443018	174
lost	873	0.44287	2
lost	872	0.442723	40
lost	871	0.442575	40
lost	870	0.442427	80
lost	869	0.44228	20
win	868	0.442133	204
lost	867	0.441985	80
lost	866	0.441838	60
lost	865	0.441691	40
lost	864	0.441543	40
win	863	0.441396	186
win	862	0.441249	204
lost	861	0.441102	120
lost	860	0.440955	20
win	859	0.440808	168
win	858	0.440661	174
win	857	0.440514	186
lost	856	0.440367	60
win	855	0.44022	162
lost	854	0.440074	120
lost	853	0.439927	0
lost	852	0.43978	80
lost	851	0.439634	22
lost	850	0.439487	20
win	849	0.439341	160
lost	848	0.439194	40
win	847	0.439048	0
lost	846	0.438902	-20
lost	845	0.438755	40
lost	844	0.438609	140
win	843	0.438463	160
win	842	0.438317	174
lost	841	0.438171	40
lost	840	0.438024	20
lost	839	0.437878	20
lost	838	0.437732	80
lost	837	0.437587	120
win	836	0.437441	198
lost	835	0.437295	40
win	834	0.437149	216
lost	833	0.437003	0
win	832	0.436858	210
lost	831	0.436712	120
win	830	0.436567	162
win	829	0.436421	204
lost	828	0.436276	20
lost	827	0.43613	80
win	826	0.435985	198
lost	825	0.435839	80
lost	824	0.435694	120
win	823	0.435549	210
lost	822	0.435404	102
lost	821	0.435259	0
win	820	0.435114	204
lost	819	0.434968	0
win	818	0.434823	168
lost	817	0.434679	-20
lost	816	0.434534	40
lost	815	0.434389	40
win	814	0.434244	174
win	813	0.434099	192
lost	812	0.433955	100
lost	811	0.43381	60
win	810	0.433665	186
win	809	0.433521	168
win	808	0.433376	198
lost	807	0.433232	40
win	806	0.433087	192
lost	805	0.432943	40
lost	804	0.432799	-20
lost	803	0.432654	120
win	802	0.43251	192
lost	801	0.432366	60
win	800	0.432222	168
win	799	0.432078	162
lost	798	0.431934	60
lost	797	0.43179	-40
win	796	0.431646	180
win	795	0.431502	180
lost	794	0.431358	120
win	793	0.431214	198
lost	792	0.431071	120
lost	791	0.430927	0
win	790	0.430783	198
win	789	0.43064	192
lost	788	0.430496	60
lost	787	0.430353	-20
win	786	0.430209	216
lost	785	0.430066	82
lost	784	0.429922	-40
lost	783	0.429779	40
lost	782	0.429636	80
lost	781	0.429493	0
lost	780	0.42935	40
win	779	0.429206	198
lost	778	0.429063	120
win	777	0.42892	162
win	776	0.428777	162
lost	775	0.428634	40
lost	774	0.428492	0
win	773	0.428349	186
lost	772	0.428206	-20
lost	771	0.428063	40
lost	770	0.427921	20
win	769	0.427778	186
win	768	0.427635	168
lost	767	0.427493	0
lost	766	0.42735	60
lost	765	0.427208	60
lost	764	0.427065	20
lost	763	0.426923	20
lost	762	0.426781	20
lost	761	0.426638	40
win	760	0.426496	180
lost	759	0.426354	80
lost	758	0.426212	80
win	757	0.42607	210
win	756	0.425928	186
win	755	0.425786	148
lost	754	0.425644	80
lost	753	0.425502	40
win	752	0.42536	186
lost	751	0.425218	60
win	750	0.425077	168
lost	749	0.424935	40
lost	748	0.424793	40
lost	747	0.424652	0
win	746	0.42451	192
lost	745	0.424369	40
lost	744	0.424227	-40
win	743	0.424086	160
win	742	0.423945	162
win	741	0.423803	180
win	740	0.423662	198
win	739	0.423521	174
lost	738	0.42338	20
lost	737	0.423238	120
lost	736	0.423097	100
lost	735	0.422956	140
lost	734	0.422815	22
lost	733	0.422674	0
lost	732	0.422534	0
win	731	0.422393	180
lost	730	0.422252	40
lost	729	0.422111	0
lost	728	0.42197	0
lost	727	0.42183	-20
lost	726	0.421689	140
lost	725	0.421549	-20
lost	724	0.421408	140
win	723	0.421268	180
lost	722	0.421127	140
win	721	0.420987	186
lost	720	0.420846	100
lost	719	0.420706	80
lost	718	0.420566	120
lost	717	0.420426	40
lost	716	0.420286	100
lost	715	0.420146	100
lost	714	0.420005	80
lost	713	0.419865	100
lost	712	0.419726	80
win	711	0.419586	180
lost	710	0.419446	-40
win	709	0.419306	180
lost	708	0.419166	40
win	707	0.419026	0
lost	706	0.418887	60
win	705	0.418747	180
win	704	0.418608	162
lost	703	0.418468	120
lost	702	0.418329	0
win	701	0.418189	186
lost	700	0.41805	140
win	699	0.41791	174
lost	698	0.417771	-20
lost	697	0.417632	80
lost	696	0.417493	20
lost	695	0.417353	80
win	694	0.417214	174
win	693	0.417075	186
lost	692	0.416936	120
lost	691	0.416797	20
lost	690	0.416658	-40
lost	689	0.416519	0
lost	688	0.416381	-40
lost	687	0.416242	-40
lost	686	0.416103	100
win	685	0.415964	198
win	684	0.415826	216
win	683	0.415687	162
lost	682	0.415548	80
lost	681	0.41541	40
win	680	0.415271	186
lost	679	0.415133	120
lost	678	0.414995	40
win	677	0.414856	160
lost	676	0.414718	100
lost	675	0.41458	22
lost	674	0.414442	80
lost	673	0.414303	-40
lost	672	0.414165	20
lost	671	0.414027	60
lost	670	0.413889	80
win	669	0.413751	168
lost	668	0.413613	-40
win	667	0.413476	162
win	666	0.413338	180
lost	665	0.4132	80
lost	664	0.413062	60
win	663	0.412925	168
lost	662	0.412787	0
lost	661	0.412649	40
lost	660	0.412512	120
lost	659	0.412374	40
win	658	0.412237	160
lost	657	0.412099	40
lost	656	0.411962	100
lost	655	0.411825	0
win	654	0.411687	180
lost	653	0.41155	40
lost	652	0.411413	40
lost	651	0.411276	0
win	650	0.411139	198
win	649	0.411002	216
lost	648	0.410865	20
lost	647	0.410728	120
win	646	0.410591	210
lost	645	0.410454	80
lost	644	0.410317	80
win	643	0.41018	174
win	642	0.410044	192
win	641	0.409907	168
win	640	0.40977	168
lost	639	0.409634	40
lost	638	0.409497	140
lost	637	0.409361	0
lost	636	0.409224	20
win	635	0.409088	186
win	634	0.408952	174
lost	633	0.408815	20
win	632	0.408679	186
lost	631	0.408543	60
lost	630	0.408407	0
win	629	0.40827	174
lost	628	0.408134	80
lost	627	0.407998	100
lost	626	0.407862	80
lost	625	0.407726	0
lost	624	0.40759	120
lost	623	0.407455	-20
lost	622	0.407319	-20
win	621	0.407183	204
lost	620	0.407047	80
lost	619	0.406912	20
lost	618	0.406776	40
lost	617	0.40664	40
win	616	0.406505	186
lost	615	0.406369	-20
win	614	0.406234	198
lost	613	0.406098	40
win	612	0.405963	160
lost	611	0.405828	60
lost	610	0.405692	82
lost	609	0.405557	40
lost	608	0.405422	80
lost	607	0.405287	60
lost	606	0.405152	40
lost	605	0.405017	142
lost	604	0.404882	20
win	603	0.404747	192
lost	602	0.404612	-20
lost	601	0.404477	40
win	600	0.404342	168
lost	599	0.404207	140
win	598	0.404073	186
win	597	0.403938	0
win	596	0.403803	180
lost	595	0.403669	40
lost	594	0.403534	20
lost	593	0.4034	-20
lost	592	0.403265	120
lost	591	0.403131	-40
win	590	0.402996	198
lost	589	0.402862	0
lost	588	0.402728	60
lost	587	0.402593	60
lost	586	0.402459	20
win	585	0.402325	198
lost	584	0.402191	40
lost	583	0.402057	80
lost	582	0.401923	-40
lost	581	0.401789	40
win	580	0.401655	172
lost	579	0.401521	0
lost	578	0.401387	120
win	577	0.401254	162
win	576	0.40112	192
win	575	0.400986	186
lost	574	0.400852	-40
lost	573	0.400719	60
win	572	0.400585	186
lost	571	0.400452	100
lost	570	0.400318	0
lost	569	0.400185	120
lost	568	0.400051	20
lost	567	0.399918	120
lost	566	0.399785	20
lost	565	0.399651	120
lost	564	0.399518	100
lost	563	0.399385	40
win	562	0.399252	168
win	561	0.399119	168
win	560	0.398986	162
lost	559	0.398853	120
lost	558	0.39872	-40
lost	557	0.398587	80
lost	556	0.398454	80
lost	555	0.398321	-40
lost	554	0.398188	120
win	553	0.398056	186
win	552	0.397923	0
lost	551	0.39779	0
lost	550	0.397658	20
win	549	0.397525	210
win	548	0.397393	180
lost	547	0.39726	-40
lost	546	0.397128	40
lost	545	0.396996	40
win	544	0.396863	174
win	543	0.396731	198
lost	542	0.396599	80
win	541	0.396466	192
lost	540	0.396334	120
lost	539	0.396202	0
win	538	0.39607	168
win	537	0.395938	162
lost	536	0.395806	140
win	535	0.395674	198
lost	534	0.395542	80
lost	533	0.39541	20
lost	532	0.395279	40
lost	531	0.395147	40
lost	530	0.395015	40
lost	529	0.394884	40
win	528	0.394752	204
win	527	0.39462	210
lost	526	0.394489	120
win	525	0.394357	222
win	524	0.394226	192
lost	523	0.394094	100
lost	522	0.393963	0
lost	521	0.393832	40
lost	520	0.3937	-40
lost	519	0.393569	60
win	518	0.393438	186
win	517	0.393307	168
win	516	0.393176	162
win	515	0.393045	174
lost	514	0.392914	100
win	513	0.392783	192
lost	512	0.392652	20
lost	511	0.392521	60
lost	510	0.39239	40
win	509	0.392259	204
lost	508	0.392129	140
win	507	0.391998	192
win	506	0.391867	198
win	505	0.391737	180
win	504	0.391606	210
lost	503	0.391475	40
lost	502	0.391345	140
lost	501	0.391214	0
lost	500	0.391084	60
win	499	0.390954	216
lost	498	0.390823	100
win	497	0.390693	222
win	496	0.390563	162
lost	495	0.390433	-40
lost	494	0.390303	-20
win	493	0.390172	180
lost	492	0.390042	140
lost	491	0.389912	140
lost	490	0.389782	60
win	489	0.389652	162
lost	488	0.389523	-20
lost	487	0.389393	120
lost	486	0.389263	-40
lost	485	0.389133	80
win	484	0.389003	168
lost	483	0.388874	-20
lost	482	0.388744	-40
lost	481	0.388615	0
lost	480	0.388485	40
lost	479	0.388356	-40
win	478	0.388226	186
lost	477	0.388097	0
lost	476	0.387967	140
win	475	0.387838	168
win	474	0.387709	174
win	473	0.38758	180
lost	472	0.38745	100
lost	471	0.387321	40
lost	470	0.387192	0
win	469	0.387063	160
win	468	0.386934	168
win	467	0.386805	0
lost	466	0.386676	60
lost	465	0.386547	0
lost	464	0.386418	0
win	463	0.38629	180
lost	462	0.386161	40
lost	461	0.386032	20
win	460	0.385903	174
win	459	0.385775	192
lost	458	0.385646	60
lost	457	0.385518	80
lost	456	0.385389	0
win	455	0.385261	180
lost	454	0.385132	20
lost	453	0.385004	120
win	452	0.384875	192
lost	451	0.384747	80
win	450	0.384619	180
win	449	0.384491	180
lost	448	0.384363	40
lost	447	0.384234	60
lost	446	0.384106	100
lost	445	0.383978	80
lost	444	0.38385	80
lost	443	0.383722	80
lost	442	0.383594	120
lost	441	0.383467	120
lost	440	0.383339	20
win	439	0.383211	192
lost	438	0.383083	-18
lost	437	0.382956	0
lost	436	0.382828	40
lost	435	0.3827	20
lost	434	0.382573	80
win	433	0.382445	198
lost	432	0.382318	0
lost	431	0.38219	0
win	430	0.382063	168
win	429	0.381936	186
win	428	0.381808	186
lost	427	0.381681	0
win	426	0.381554	186
lost	425	0.381427	20
lost	424	0.381299	100
lost	423	0.381172	80
lost	422	0.381045	120
win	421	0.380918	186
lost	420	0.380791	-40
win	419	0.380664	180
win	418	0.380537	160
lost	417	0.380411	60
lost	416	0.380284	60
lost	415	0.380157	0
lost	414	0.38003	100
lost	413	0.379904	0
lost	412	0.379777	100
lost	411	0.37965	0
lost	410	0.379524	40
lost	409	0.379397	40
lost	408	0.379271	80
win	407	0.379144	162
win	406	0.379018	192
win	405	0.378892	162
win	404	0.378765	186
win	403	0.378639	0
win	402	0.378513	174
lost	401	0.378387	0
win	400	0.378261	186
lost	399	0.378135	100
win	398	0.378009	162
lost	397	0.377883	80
lost	396	0.377757	0
win	395	0.377631	180
lost	394	0.377505	0
lost	393	0.377379	60
lost	392	0.377253	120
win	391	0.377127	192
lost	390	0.377002	40
lost	389	0.376876	0
lost	388	0.37675	0
lost	387	0.376625	100
lost	386	0.376499	0
win	385	0.376374	186
win	384	0.376248	168
lost	383	0.376123	0
win	382	0.375998	168
lost	381	0.375872	20
lost	380	0.375747	-20
lost	379	0.375622	-40
win	378	0.375496	160
win	377	0.375371	198
lost	376	0.375246	100
lost	375	0.375121	-40
win	374	0.374996	168
lost	373	0.374871	0
lost	372	0.374746	120
lost	371	0.374621	-20
win	370	0.374496	186
lost	369	0.374371	20
lost	368	0.374247	100
lost	367	0.374122	100
lost	366	0.373997	0
lost	365	0.373873	20
lost	364	0.373748	0
lost	363	0.373623	80
lost	362	0.373499	40
lost	361	0.373374	20
lost	360	0.37325	120
win	359	0.373125	186
win	358	0.373001	162
win	357	0.372877	174
lost	356	0.372752	60
lost	355	0.372628	20
win	354	0.372504	174
win	353	0.37238	174
lost	352	0.372256	-40
lost	351	0.372132	0
lost	350	0.372008	120
lost	349	0.371884	0
lost	348	0.37176	80
win	347	0.371636	168
lost	346	0.371512	100
win	345	0.371388	154
lost	344	0.371264	40
win	343	0.37114	162
lost	342	0.371017	40
win	341	0.370893	186
lost	340	0.370769	120
win	339	0.370646	198
win	338	0.370522	162
lost	337	0.370399	20
win	336	0.370275	168
lost	335	0.370152	-40
lost	334	0.370028	120
lost	333	0.369905	40
lost	332	0.369782	-40
win	331	0.369659	162
lost	330	0.369535	-40
win	329	0.369412	186
win	328	0.369289	180
win	327	0.369166	186
lost	326	0.369043	60
lost	325	0.36892	20
lost	324	0.368797	60
lost	323	0.368674	0
lost	322	0.368551	100
win	321	0.368428	162
lost	320	0.368305	2
win	319	0.368183	162
lost	318	0.36806	40
win	317	0.367937	162
lost	316	0.367815	20
lost	315	0.367692	20
lost	314	0.367569	60
win	313	0.367447	186
lost	312	0.367324	0
lost	311	0.367202	0
lost	310	0.36708	120
lost	309	0.366957	100
lost	308	0.366835	0
lost	307	0.366713	60
lost	306	0.36659	60
lost	305	0.366468	20
win	304	0.366346	216
lost	303	0.366224	120
win	302	0.366102	174
lost	301	0.36598	80
lost	300	0.365858	100
lost	299	0.365736	-40
win	298	0.365614	174
win	297	0.365492	192
win	296	0.36537	168
win	295	0.365248	174
lost	294	0.365127	60
lost	293	0.365005	0
win	292	0.364883	174
lost	291	0.364762	20
lost	290	0.36464	120
lost	289	0.364519	60
win	288	0.364397	180
lost	287	0.364276	80
win	286	0.364154	192
win	285	0.364033	198
lost	284	0.363911	40
win	283	0.36379	180
lost	282	0.363669	0
lost	281	0.363548	60
lost	280	0.363426	0
lost	279	0.363305	60
win	278	0.363184	162
lost	277	0.363063	80
lost	276	0.362942	0
lost	275	0.362821	-20
win	274	0.3627	174
lost	273	0.362579	20
win	272	0.362458	180
win	271	0.362338	186
win	270	0.362217	198
win	269	0.362096	186
lost	268	0.361975	80
win	267	0.361855	180
lost	266	0.361734	-40
lost	265	0.361614	80
lost	264	0.361493	100
win	263	0.361373	168
lost	262	0.361252	40
lost	261	0.361132	0
lost	260	0.361011	80
lost	259	0.360891	40
lost	258	0.360771	42
lost	257	0.36065	40
win	256	0.36053	168
lost	255	0.36041	40
lost	254	0.36029	120
lost	253	0.36017	40
lost	252	0.36005	140
lost	251	0.35993	80
lost	250	0.35981	100
win	249	0.35969	198
win	248	0.35957	198
win	247	0.35945	198
lost	246	0.35933	0
win	245	0.35921	162
lost	244	0.359091	0
lost	243	0.358971	0
win	242	0.358851	174
lost	241	0.358732	40
win	240	0.358612	174
win	239	0.358493	180
win	238	0.358373	162
lost	237	0.358254	0
lost	236	0.358134	100
lost	235	0.358015	20
win	234	0.357896	174
lost	233	0.357776	120
win	232	0.357657	162
lost	231	0.357538	60
lost	230	0.357419	40
win	229	0.357299	204
lost	228	0.35718	20
win	227	0.357061	168
win	226	0.356942	168
lost	225	0.356823	120
lost	224	0.356704	80
win	223	0.356585	160
lost	222	0.356467	0
lost	221	0.356348	100
win	220	0.356229	174
lost	219	0.35611	60
lost	218	0.355991	120
win	217	0.355873	174
lost	216	0.355754	60
lost	215	0.355636	140
lost	214	0.355517	80
lost	213	0.355399	20
win	212	0.35528	168
lost	211	0.355162	80
win	210	0.355043	180
win	209	0.354925	204
lost	208	0.354807	100
win	207	0.354688	168
lost	206	0.35457	60
lost	205	0.354452	80
lost	204	0.354334	0
lost	203	0.354216	20
win	202	0.354098	168
win	201	0.35398	168
lost	200	0.353862	60
lost	199	0.353744	40
lost	198	0.353626	60
lost	197	0.353508	0
lost	196	0.35339	40
lost	195	0.353272	40
lost	194	0.353154	120
win	193	0.353037	160
lost	192	0.352919	60
lost	191	0.352801	60
lost	190	0.352684	20
lost	189	0.352566	-40
lost	188	0.352449	40
lost	187	0.352331	120
win	186	0.352214	192
lost	185	0.352096	0
win	184	0.351979	174
lost	183	0.351862	60
lost	182	0.351744	0
win	181	0.351627	186
lost	180	0.35151	80
lost	179	0.351393	-40
win	178	0.351276	216
win	177	0.351159	192
win	176	0.351042	186
win	175	0.350925	160
win	174	0.350808	192
lost	173	0.350691	-20
lost	172	0.350574	0
win	171	0.350457	198
win	170	0.35034	174
win	169	0.350223	186
lost	168	0.350107	100
win	167	0.34999	186
win	166	0.349873	162
lost	165	0.349757	40
lost	164	0.34964	100
lost	163	0.349523	60
win	162	0.349407	160
lost	161	0.34929	20
lost	160	0.349174	40
lost	159	0.349058	60
win	158	0.348941	168
win	157	0.348825	180
lost	156	0.348709	0
win	155	0.348592	186
lost	154	0.348476	-40
lost	153	0.34836	20
win	152	0.348244	180
lost	151	0.348128	40
win	150	0.348012	174
win	149	0.347896	162
win	148	0.34778	180
win	147	0.347664	162
lost	146	0.347548	140
lost	145	0.347432	80
win	144	0.347316	178
win	143	0.347201	186
win	142	0.347085	186
win	141	0.346969	0
lost	140	0.346854	40
lost	139	0.346738	20
lost	138	0.346622	40
win	137	0.346507	180
win	136	0.346391	186
lost	135	0.346276	60
lost	134	0.34616	120
win	133	0.346045	160
lost	132	0.34593	80
lost	131	0.345814	0
win	130	0.345699	204
lost	129	0.345584	120
win	128	0.345469	178
win	127	0.345353	162
lost	126	0.345238	22
win	125	0.345123	210
lost	124	0.345008	40
lost	123	0.344893	80
lost	122	0.344778	20
lost	121	0.344663	0
win	120	0.344548	160
lost	119	0.344434	40
lost	118	0.344319	60
lost	117	0.344204	82
win	116	0.344089	180
win	115	0.343975	180
lost	114	0.34386	20
lost	113	0.343745	80
lost	112	0.343631	120
lost	111	0.343516	20
win	110	0.343402	210
win	109	0.343287	160
win	108	0.343173	168
win	107	0.343058	168
win	106	0.342944	186
lost	105	0.34283	0
lost	104	0.342715	60
lost	103	0.342601	140
lost	102	0.342487	40
lost	101	0.342373	80
lost	100	0.342259	0
lost	99	0.342145	80
win	98	0.342031	180
lost	97	0.341917	0
win	96	0.341803	168
win	95	0.341689	204
lost	94	0.341575	80
lost	93	0.341461	80
lost	92	0.341347	20
lost	91	0.341233	20
lost	90	0.34112	22
lost	89	0.341006	20
lost	88	0.340892	20
lost	87	0.340779	142
lost	86	0.340665	140
lost	85	0.340551	120
lost	84	0.340438	40
win	83	0.340324	234
lost	82	0.340211	0
lost	81	0.340098	22
win	80	0.339984	162
win	79	0.339871	174
win	78	0.339758	198
win	77	0.339644	186
lost	76	0.339531	0
lost	75	0.339418	60
lost	74	0.339305	20
lost	73	0.339192	80
lost	72	0.339079	80
win	71	0.338966	186
win	70	0.338853	160
lost	69	0.33874	40
win	68	0.338627	198
lost	67	0.338514	80
win	66	0.338401	192
lost	65	0.338288	40
lost	64	0.338175	0
lost	63	0.338063	0
lost	62	0.33795	0
lost	61	0.337837	80
lost	60	0.337725	40
win	59	0.337612	192
lost	58	0.3375	40
lost	57	0.337387	40
lost	56	0.337275	140
lost	55	0.337162	20
lost	54	0.33705	20
win	53	0.336938	204
lost	52	0.336825	40
lost	51	0.336713	80
lost	50	0.336601	120
lost	49	0.336489	80
win	48	0.336376	180
lost	47	0.336264	100
lost	46	0.336152	-20
win	45	0.33604	198
lost	44	0.335928	100
lost	43	0.335816	-40
win	42	0.335704	192
win	41	0.335592	174
lost	40	0.33548	20
win	39	0.335369	174
lost	38	0.335257	120
lost	37	0.335145	40
win	36	0.335033	162
lost	35	0.334922	0
lost	34	0.33481	120
lost	33	0.334698	-20
lost	32	0.334587	20
lost	31	0.334475	80
lost	30	0.334364	80
win	29	0.334252	168
win	28	0.334141	162
win	27	0.33403	198
win	26	0.333918	192
lost	25	0.333807	100
win	24	0.333696	180
lost	23	0.333584	40
win	22	0.333473	192
lost	21	0.333362	80
win	20	0.333251	198
win	19	0.33314	162
lost	18	0.333029	40
lost	17	0.332918	20
lost	16	0.332807	100
lost	15	0.332696	100
win	14	0.332585	192
lost	13	0.332474	-40
lost	12	0.332363	40
win	11	0.332253	210
lost	10	0.332142	0
lost	9	0.332031	20
win	8	0.33192	160
lost	7	0.33181	20
lost	6	0.331699	120
win	5	0.331589	186
win	4	0.331478	162
lost	3	0.331368	80
lost	2	0.331257	40
win	1	0.331147	168
